path,shot,n,ntor,nr,nhar,omega,gamma_d,status,gap_region,signed_delta,fraction_below_upper2,p_rf_good,p_cnn_good,p_avg,final_label,tier,model_disagreement,near_threshold,large_score_gap,selected_final,rejection_reason,error_message
/global/cfs/cdirs/m314/nova2/data/nstx_141711/N1/egn01w.2634E+02,nstx_141711,1,1,201,21,5.131885301211599,-0.00010755871286521396,scored,tae_like,0.9832489622307975,1.0,0.01,0.0038484602700918913,0.006924230135045946,bad,gold_bad,False,False,False,,,
/global/cfs/cdirs/m314/nova2/data/nstx_141711/N1/egn01w.2684E+02,nstx_141711,1,1,201,21,5.180455076568777,-0.00010075169371441339,scored,tae_like,0.9836377952443291,1.0,0.01,0.0062934705056250095,0.008146735252812506,bad,gold_bad,False,False,False,,,
/global/cfs/cdirs/m314/nova2/data/nstx_141711/N1/egn01w.2708E+02,nstx_141711,1,1,201,21,5.204100884458813,-0.0001357454792106299,scored,tae_like,0.9837103015525658,1.0,0.013333333333333334,7.882300269557163e-05,0.006706078168014453,bad,gold_bad,False,False,False,,,
/global/cfs/cdirs/m314/nova2/data/nstx_141711/N1/egn01w.2733E+02,nstx_141711,1,1,201,21,5.227341356392368,-9.420938637244804e-05,scored,tae_like,0.9837429534322227,1.0,0.016666666666666666,0.01053632702678442,0.013601496846725543,bad,gold_bad,False,False,False,,,
/global/cfs/cdirs/m314/nova2/data/nstx_141711/N1/egn01w.2756E+02,nstx_141711,1,1,201,21,5.250176708335635,-0.0001269173750137635,scored,tae_like,0.9836098405457858,1.0,0.02,7.032968278508633e-05,0.010035164841392543,bad,gold_bad,False,False,False,,,
/global/cfs/cdirs/m314/nova2/data/nstx_141711/N1/egn01w.2780E+02,nstx_141711,1,1,201,21,5.272635355659444,-8.75646895355935e-05,scored,tae_like,0.9837254721190515,1.0,0.02666666666666667,0.028436968103051186,0.02755181738485893,bad,gold_bad,False,False,False,,,
/global/cfs/cdirs/m314/nova2/data/nstx_141711/N1/egn01w.2803E+02,nstx_141711,1,1,201,21,5.294711845257073,-0.0001178344988122669,scored,tae_like,0.983344495976522,1.0,0.02666666666666667,0.0007051551947370172,0.013685910930701843,bad,gold_bad,False,False,False,,,
/global/cfs/cdirs/m314/nova2/data/nstx_141711/N1/egn01w.2826E+02,nstx_141711,1,1,201,21,5.316441552509535,-8.233307805547903e-05,scored,tae_like,0.9827902025338873,1.0,0.04,0.03369768336415291,0.03684884168207646,bad,gold_bad,False,False,False,,,
/global/cfs/cdirs/m314/nova2/data/nstx_141711/N1/egn01w.2849E+02,nstx_141711,1,1,201,21,5.337838876504963,-0.00011066435287811331,scored,tae_like,0.9821617134979581,1.0,0.043333333333333335,0.0005711090634576976,0.021952221198395516,bad,gold_bad,False,False,False,,,
/global/cfs/cdirs/m314/nova2/data/nstx_141711/N1/egn01w.2872E+02,nstx_141711,1,1,201,21,5.358897674726999,-7.722541278095373e-05,scored,tae_like,0.9816207579974181,1.0,0.04666666666666667,0.06889365613460541,0.057780161400636035,bad,gold_bad,False,False,False,,,
/global/cfs/cdirs/m314/nova2/data/nstx_141711/N1/egn01w.2894E+02,nstx_141711,1,1,201,21,5.379642092661824,-0.00010273587179173374,scored,tae_like,0.9809122263413648,1.0,0.06666666666666667,0.0035374625585973263,0.035102064612631996,bad,gold_bad,False,False,False,,,
/global/cfs/cdirs/m314/nova2/data/nstx_141711/N1/egn01w.2916E+02,nstx_141711,1,1,201,21,5.400075753390976,-7.289033800917393e-05,scored,tae_like,0.9800095017396725,1.0,0.08666666666666667,0.08893848955631256,0.08780257811148962,bad,gold_bad,False,False,False,,,
/global/cfs/cdirs/m314/nova2/data/nstx_141711/N1/egn01w.2938E+02,nstx_141711,1,1,201,21,5.420072046530686,-9.510963478910365e-05,scored,tae_like,0.9787330666630703,1.0,0.08333333333333333,0.004965992644429207,0.04414966298888127,bad,gold_bad,False,False,False,,,
/global/cfs/cdirs/m314/nova2/data/nstx_141711/N1/egn01w.2961E+02,nstx_141711,1,1,201,21,5.441111707600141,-5.645341923500345e-05,scored,tae_like,0.9789331058117452,1.0,0.03666666666666667,0.033109601587057114,0.03488813412686189,bad,gold_bad,False,False,False,,,
/global/cfs/cdirs/m314/nova2/data/nstx_141711/N1/egn01w.2982E+02,nstx_141711,1,1,201,21,5.4603218785490215,-8.635348882801832e-05,scored,tae_like,0.9773763041007089,1.0,0.08333333333333333,0.0072248284704983234,0.045279080901915826,bad,gold_bad,False,False,False,,,
/global/cfs/cdirs/m314/nova2/data/nstx_141711/N1/egn01w.3003E+02,nstx_141711,1,1,201,21,5.479751830286457,-6.2261122843023e-05,scored,tae_like,0.9760017326441774,1.0,0.08,0.11073894798755646,0.09536947399377824,bad,gold_bad,False,False,False,,,
/global/cfs/cdirs/m314/nova2/data/nstx_141711/N1/egn01w.3024E+02,nstx_141711,1,1,201,21,5.499034203397801,-8.230581895980395e-05,scored,tae_like,0.9745461427723282,1.0,0.08,0.006499825045466423,0.04324991252273321,bad,gold_bad,False,False,False,,,
/global/cfs/cdirs/m314/nova2/data/nstx_141711/N1/egn01w.3045E+02,nstx_141711,1,1,201,21,5.51816071315887,-6.081768133385594e-05,scored,tae_like,0.9729604820347095,1.0,0.12,0.11938512325286865,0.11969256162643432,bad,gold_bad,False,False,False,,,
/global/cfs/cdirs/m314/nova2/data/nstx_141711/N1/egn01w.3066E+02,nstx_141711,1,1,201,21,5.537152570929394,-7.911042707002517e-05,scored,tae_like,0.9712429049458747,1.0,0.13,0.012771501205861568,0.07138575060293079,bad,gold_bad,False,False,False,,,
/global/cfs/cdirs/m314/nova2/data/nstx_141711/N1/egn01w.3087E+02,nstx_141711,1,1,201,21,5.556020922349314,-6.09717914058416e-05,scored,tae_like,0.9693663222465878,1.0,0.11,0.0917360857129097,0.10086804285645484,bad,gold_bad,False,False,False,,,
/global/cfs/cdirs/m314/nova2/data/nstx_141711/N1/egn01w.3108E+02,nstx_141711,1,1,201,21,5.574776753439948,-7.828365578258646e-05,scored,tae_like,0.9672944854477508,1.0,0.056666666666666664,0.008763143792748451,0.03271490522970756,bad,gold_bad,False,False,False,,,
/global/cfs/cdirs/m314/nova2/data/nstx_141711/N1/egn01w.3129E+02,nstx_141711,1,1,201,21,5.593450294578174,-6.38934206129179e-05,scored,tae_like,0.9650549316143964,1.0,0.04,0.08075033128261566,0.060375165641307835,bad,gold_bad,False,False,False,,,
/global/cfs/cdirs/m314/nova2/data/nstx_141711/N1/egn01w.3150E+02,nstx_141711,1,1,201,21,5.612052034523062,-8.019299601336573e-05,scored,tae_like,0.962616051444749,1.0,0.02666666666666667,0.018109062686562538,0.022387864676614605,bad,gold_bad,False,False,False,,,
/global/cfs/cdirs/m314/nova2/data/nstx_141711/N1/egn01w.3170E+02,nstx_141711,1,1,201,21,5.6306019558673,-6.99844165443245e-05,scored,tae_like,0.9599810661961198,1.0,0.023333333333333334,0.06062309071421623,0.04197821202377478,bad,gold_bad,False,False,False,,,
/global/cfs/cdirs/m314/nova2/data/nstx_141711/N1/egn01w.3191E+02,nstx_141711,1,1,201,21,5.6491005690802965,-8.467302043970252e-05,scored,tae_like,0.9570803161292564,1.0,0.02,0.020510315895080566,0.020255157947540285,bad,gold_bad,False,False,False,,,
/global/cfs/cdirs/m314/nova2/data/nstx_141711/N1/egn01w.3212E+02,nstx_141711,1,1,201,21,5.667577094449425,-7.915329197892944e-05,scored,tae_like,0.9539532895259659,1.0,0.016666666666666666,0.06392447650432587,0.040295571585496265,bad,gold_bad,False,False,False,,,
/global/cfs/cdirs/m314/nova2/data/nstx_141711/N1/egn01w.4097E+02,nstx_141711,1,1,201,21,6.401142103226148,-1.2996253720547355e-09,scored,tae_like,0.7990396502324866,1.0,0.04,6.524917989736423e-05,0.020032624589948683,bad,gold_bad,False,False,False,,,
/global/cfs/cdirs/m314/nova2/data/nstx_141711/N1/egn01w.4195E+02,nstx_141711,1,1,201,21,6.476747103152514,-1.120785871577366e-05,scored,tae_like,0.7806300288198208,1.0,0.13,0.2085629254579544,0.1692814627289772,bad,silver_bad,False,False,False,,,
/global/cfs/cdirs/m314/nova2/data/nstx_141711/N1/egn01w.4407E+02,nstx_141711,1,1,201,21,6.638670872611561,-5.075989370448763e-05,scored,tae_like,0.7256589092962688,1.0,0.056666666666666664,0.05381644144654274,0.055241554056604705,bad,gold_bad,False,False,False,,,
/global/cfs/cdirs/m314/nova2/data/nstx_141711/N1/egn01w.6439E+02,nstx_141711,1,1,201,21,8.024570287474035,-5.13139183908555e-06,scored,tae_like,0.9096498364695689,0.9935905104557569,0.05333333333333334,2.405184034159902e-07,0.026666786925868376,bad,gold_bad,False,False,False,,,
/global/cfs/cdirs/m314/nova2/data/nstx_141711/N1/egn01w.6998E+02,nstx_141711,1,1,201,21,8.365605479265815,-0.0001354146209195229,scored,mixed,0.3724680488973659,0.4161506881775547,0.04666666666666667,0.00678600650280714,0.026726336584736905,bad,gold_bad,False,False,False,,,
/global/cfs/cdirs/m314/nova2/data/nstx_141711/N1/egn01w.7059E+02,nstx_141711,1,1,201,21,8.401508886057313,-0.00016770394692876048,scored,mixed,0.3645957762753641,0.39954685780255506,0.12666666666666668,0.0309895146638155,0.07882809066524109,bad,gold_bad,False,False,False,,,
/global/cfs/cdirs/m314/nova2/data/nstx_141711/N1/egn01w.7120E+02,nstx_141711,1,1,201,21,8.438095400803167,-0.00023049109587958816,scored,mixed,0.3546739720272986,0.3822955760320713,0.22333333333333333,0.06197833642363548,0.1426558348784844,bad,silver_bad,False,False,False,,,
/global/cfs/cdirs/m314/nova2/data/nstx_141711/N1/egn01w.7183E+02,nstx_141711,1,1,201,21,8.475497004846778,-0.0003465716378847013,scored,mixed,0.34339222240084744,0.3652873892034998,0.25666666666666665,0.05211298540234566,0.15438982603450616,bad,silver_bad,False,False,False,,,
/global/cfs/cdirs/m314/nova2/data/nstx_141711/N1/egn01w.2311E+03,nstx_141711,1,1,201,18,15.203305477723573,3.4276484866049415e-07,scored,mixed,-0.360463142920851,0.42757447528894515,0.02,1.586968769193441e-16,0.01000000000000008,bad,gold_bad,False,False,False,,,
/global/cfs/cdirs/m314/nova2/data/nstx_141711/N1/egn01w.2349E+03,nstx_141711,1,1,201,18,15.327115577915349,4.542299621087602e-06,scored,mixed,-0.4017521882111639,0.461504828641684,0.013333333333333334,3.965559178418582e-16,0.006666666666666866,bad,gold_bad,False,False,False,,,
/global/cfs/cdirs/m314/nova2/data/nstx_141711/N1/egn01w.2375E+03,nstx_141711,1,1,201,18,15.412634377983137,9.379113878332909e-07,scored,tae_like,-0.25883001802062183,0.6531307254786825,0.02666666666666667,3.276662941075537e-21,0.013333333333333334,bad,gold_bad,False,False,False,,,
/global/cfs/cdirs/m314/nova2/data/nstx_141711/N1/egn01w.2413E+03,nstx_141711,1,1,201,18,15.534242541126059,6.106872499030913e-07,scored,mixed,-0.3962641883373266,0.4174351636771146,0.02,2.1395599593236614e-13,0.010000000000106979,bad,gold_bad,False,False,False,,,
/global/cfs/cdirs/m314/nova2/data/nstx_141711/N1/egn01w.2858E+03,nstx_141711,1,1,201,18,16.905203506975145,-2.332787100933034e-05,scored,tae_like,-0.24766448288769036,0.8022194403582459,0.03333333333333333,5.988112752675079e-05,0.016696607230430042,bad,gold_bad,False,False,False,,,
/global/cfs/cdirs/m314/nova2/data/nstx_141711/N1/egn01w.2872E+03,nstx_141711,1,1,201,18,16.948325198697844,-5.051317421434083e-05,scored,mixed,-0.09229009430770664,0.4882763199188246,0.04,1.024230459734099e-05,0.02000512115229867,bad,gold_bad,False,False,False,,,
/global/cfs/cdirs/m314/nova2/data/nstx_141711/N2/egn02w.2357E+02,nstx_141711,2,2,201,38,4.854707029115318,-5.349821357784775e-05,scored,tae_like,0.9866153373390347,1.0,0.01,0.247432142496109,0.1287160712480545,bad,silver_bad,False,False,False,,,
/global/cfs/cdirs/m314/nova2/data/nstx_141711/N2/egn02w.4308E+02,nstx_141711,2,2,201,38,6.563856506626524,-0.0,scored,tae_like,0.8362077750501729,1.0,0.37,0.16406361758708954,0.26703180879354477,bad,silver_bad,False,False,False,,,
/global/cfs/cdirs/m314/nova2/data/nstx_141711/N2/egn02w.4512E+02,nstx_141711,2,2,201,38,6.716925624402134,-0.0,scored,tae_like,0.8228496438283716,1.0,0.22666666666666666,0.7535058856010437,0.4900862761338552,bad,flagged_borderline_or_disagreement,True,False,True,,,
/global/cfs/cdirs/m314/nova2/data/nstx_141711/N2/egn02w.4662E+02,nstx_141711,2,2,201,38,6.827670894510808,-0.0,scored,tae_like,0.8517367463416534,1.0,0.30333333333333334,2.111542274363387e-09,0.1516666677224378,bad,silver_bad,False,False,False,,,
/global/cfs/cdirs/m314/nova2/data/nstx_141711/N2/egn02w.5602E+02,nstx_141711,2,2,201,38,7.484609498182107,-0.0,scored,tae_like,0.9081457233199146,1.0,0.73,0.9211111664772034,0.8255555832386017,good,gold_good,False,False,False,True,,
/global/cfs/cdirs/m314/nova2/data/nstx_141711/N2/egn02w.6447E+02,nstx_141711,2,2,201,38,8.029612349246174,-0.0,scored,tae_like,0.9145669384094185,1.0,0.12333333333333334,0.010563124902546406,0.06694822911793988,bad,gold_bad,False,False,False,,,
/global/cfs/cdirs/m314/nova2/data/nstx_141711/N2/egn02w.6783E+02,nstx_141711,2,2,201,38,8.236156050795515,-0.0,scored,tae_like,0.6737410562499234,1.0,0.05333333333333334,3.159630357814369e-16,0.026666666666666828,bad,gold_bad,False,False,False,,,
/global/cfs/cdirs/m314/nova2/data/nstx_141711/N2/egn02w.1352E+03,nstx_141711,2,2,201,32,11.625988821232736,1.3108120252292564e-05,scored,tae_like,0.23046500312227913,0.5226660214463298,0.023333333333333334,0.0,0.011666666666666667,bad,gold_bad,False,False,False,,,
/global/cfs/cdirs/m314/nova2/data/nstx_141711/N2/egn02w.2302E+03,nstx_141711,2,2,201,32,15.17197966109679,-2.508406193164786e-05,scored,tae_like,-0.48212572955841193,0.5595541778723723,0.006666666666666667,3.9475654798720164e-25,0.0033333333333333335,bad,gold_bad,False,False,False,,,
/global/cfs/cdirs/m314/nova2/data/nstx_141711/N3/egn03w.2060E+02,nstx_141711,3,3,201,55,4.538850785127528,-0.0003645922225923119,scored,tae_like,0.9920146677210833,1.0,0.2966666666666667,0.1572549194097519,0.2269607930382093,bad,silver_bad,False,False,False,,,
/global/cfs/cdirs/m314/nova2/data/nstx_141711/N3/egn03w.2477E+02,nstx_141711,3,3,201,55,4.977230599014264,-0.0021476711871214593,scored,tae_like,0.9805437371754495,1.0,0.18666666666666668,0.00022755179088562727,0.09344710922877615,bad,gold_bad,False,False,False,,,
/global/cfs/cdirs/m314/nova2/data/nstx_141711/N3/egn03w.3049E+02,nstx_141711,3,3,201,55,5.521590946444793,-8.074501920184759e-15,scored,tae_like,0.8930784509771301,1.0,0.013333333333333334,3.3833019393893216e-13,0.006666666666835832,bad,gold_bad,False,False,False,,,
/global/cfs/cdirs/m314/nova2/data/nstx_141711/N3/egn03w.3060E+02,nstx_141711,3,3,201,55,5.5314275316770125,-0.0,scored,tae_like,0.8956710068214657,1.0,0.01,1.0298167700539818e-11,0.0050000000051490835,bad,gold_bad,False,False,False,,,
/global/cfs/cdirs/m314/nova2/data/nstx_141711/N3/egn03w.3072E+02,nstx_141711,3,3,201,55,5.542372487945833,-0.0,scored,tae_like,0.9023295829049344,1.0,0.013333333333333334,3.1305039116524824e-10,0.006666666823191863,bad,gold_bad,False,False,False,,,
/global/cfs/cdirs/m314/nova2/data/nstx_141711/N3/egn03w.3087E+02,nstx_141711,3,3,201,55,5.5558842133688415,-0.0,scored,tae_like,0.8921866781489204,1.0,0.05,2.2254375425800887e-11,0.02500000001112719,bad,gold_bad,False,False,False,,,
/global/cfs/cdirs/m314/nova2/data/nstx_141711/N3/egn03w.3106E+02,nstx_141711,3,3,201,55,5.5730052563052155,-0.0,scored,tae_like,0.9009901559409502,1.0,0.08,2.4941599133243564e-11,0.0400000000124708,bad,gold_bad,False,False,False,,,
/global/cfs/cdirs/m314/nova2/data/nstx_141711/N3/egn03w.3126E+02,nstx_141711,3,3,201,55,5.5907046722787,-0.0,scored,tae_like,0.905318056585641,1.0,0.03,9.601060554484616e-18,0.015000000000000005,bad,gold_bad,False,False,False,,,
/global/cfs/cdirs/m314/nova2/data/nstx_141711/N3/egn03w.3150E+02,nstx_141711,3,3,201,55,5.612873696108992,-0.0,scored,tae_like,0.8947845947180809,1.0,0.09,1.0075516911456361e-05,0.045005037758455727,bad,gold_bad,False,False,False,,,
/global/cfs/cdirs/m314/nova2/data/nstx_141711/N3/egn03w.3189E+02,nstx_141711,3,3,201,55,5.647496487813083,-0.0,scored,tae_like,0.905872235486846,1.0,0.21333333333333335,0.0005650771781802177,0.10694920525575678,bad,silver_bad,False,False,False,,,
/global/cfs/cdirs/m314/nova2/data/nstx_141711/N3/egn03w.3229E+02,nstx_141711,3,3,201,55,5.682452545079752,-0.0,scored,tae_like,0.8955315945213325,1.0,0.10333333333333333,5.858181495455028e-08,0.051666695957574144,bad,gold_bad,False,False,False,,,
/global/cfs/cdirs/m314/nova2/data/nstx_141711/N3/egn03w.3264E+02,nstx_141711,3,3,201,55,5.7132838554717775,-0.0,scored,tae_like,0.8945000769653951,1.0,0.08333333333333333,6.244214804185701e-19,0.041666666666666664,bad,gold_bad,False,False,False,,,
/global/cfs/cdirs/m314/nova2/data/nstx_141711/N3/egn03w.3350E+02,nstx_141711,3,3,201,55,5.788153723278743,-0.0,scored,tae_like,0.9715435379504594,1.0,0.8266666666666667,0.043031323701143265,0.43484899518390496,good,flagged_rf_only_good,True,False,True,False,,
/global/cfs/cdirs/m314/nova2/data/nstx_141711/N3/egn03w.3421E+02,nstx_141711,3,3,201,55,5.849003320545305,-0.0,scored,tae_like,0.9676841508361903,1.0,0.94,0.7838200330734253,0.8619100165367126,good,gold_good,False,False,False,True,,
/global/cfs/cdirs/m314/nova2/data/nstx_141711/N3/egn03w.4150E+02,nstx_141711,3,3,201,55,6.442210217203324,-0.0,scored,tae_like,0.9560508149078518,1.0,0.16333333333333333,0.0042205690406262875,0.08377695118697981,bad,gold_bad,False,False,False,,,
/global/cfs/cdirs/m314/nova2/data/nstx_141711/N3/egn03w.4255E+02,nstx_141711,3,3,201,55,6.523296426451977,-0.0,scored,tae_like,0.8470565570037842,1.0,0.06333333333333334,0.19484563171863556,0.12908948252598446,bad,gold_bad,False,False,False,,,
/global/cfs/cdirs/m314/nova2/data/nstx_141711/N3/egn03w.5246E+02,nstx_141711,3,3,201,55,7.242700917465882,-0.0,scored,tae_like,0.9806161757558096,1.0,0.48333333333333334,0.04699430614709854,0.26516381974021597,bad,flagged_borderline_or_disagreement,False,True,True,,,
/global/cfs/cdirs/m314/nova2/data/nstx_141711/N3/egn03w.5980E+02,nstx_141711,3,3,201,55,7.733170851831164,-0.0,scored,tae_like,0.9800412553883858,1.0,0.9833333333333333,0.8588777780532837,0.9211055556933085,good,gold_good,False,False,False,True,,
/global/cfs/cdirs/m314/nova2/data/nstx_141711/N3/egn03w.6735E+02,nstx_141711,3,3,201,55,8.206420303724936,-0.0,scored,tae_like,0.9722408526401077,1.0,0.38,0.07280796021223068,0.22640398010611534,bad,silver_bad,False,False,False,,,
/global/cfs/cdirs/m314/nova2/data/nstx_141711/N3/egn03w.8627E+02,nstx_141711,3,3,201,55,9.28828296946391,-1.5252297796244523e-08,scored,tae_like,0.9261754745278625,0.9659843250231557,0.09666666666666666,1.0389054061477054e-08,0.04833333852786036,bad,gold_bad,False,False,False,,,
/global/cfs/cdirs/m314/nova2/data/nstx_141711/N3/egn03w.1129E+03,nstx_141711,3,3,201,55,10.625324749939018,-4.730849974123982e-08,scored,tae_like,0.9192594870956536,0.9848369056910009,0.04,1.018269974904177e-14,0.02000000000000509,bad,gold_bad,False,False,False,,,
/global/cfs/cdirs/m314/nova2/data/nstx_141711/N3/egn03w.1292E+03,nstx_141711,3,3,201,55,11.366008732791336,-1.4593714280791566e-06,scored,mixed,-0.47129291440184745,0.44241609837613266,0.01,2.0295587187327447e-20,0.005,bad,gold_bad,False,False,False,,,
/global/cfs/cdirs/m314/nova2/data/nstx_141711/N3/egn03w.1493E+03,nstx_141711,3,3,201,55,12.216807710077129,-2.288359648297599e-06,scored,tae_like,0.5914348343320317,0.7767040538818554,0.02,1.8679984859285015e-13,0.0100000000000934,bad,gold_bad,False,False,False,,,
/global/cfs/cdirs/m314/nova2/data/nstx_141711/N4/egn04w.2108E+02,nstx_141711,4,4,201,72,4.591125596712821,-0.0011654685377607947,scored,tae_like,0.9905023591621761,1.0,0.46,6.0294154536677524e-05,0.23003014707726835,bad,flagged_borderline_or_disagreement,False,True,True,,,
/global/cfs/cdirs/m314/nova2/data/nstx_141711/N4/egn04w.2251E+02,nstx_141711,4,4,201,72,4.744832830044642,-0.0002365355657742346,scored,tae_like,0.9899502138565972,1.0,0.16666666666666666,0.002087500412017107,0.08437708353934188,bad,gold_bad,False,False,False,,,
/global/cfs/cdirs/m314/nova2/data/nstx_141711/N4/egn04w.2483E+02,nstx_141711,4,4,201,72,4.9828683285346695,-0.0004256420744333189,scored,tae_like,0.9896400578618768,1.0,0.37666666666666665,0.055565766990184784,0.21611621682842572,bad,silver_bad,False,False,False,,,
/global/cfs/cdirs/m314/nova2/data/nstx_141711/N4/egn04w.2511E+02,nstx_141711,4,4,201,72,5.011264979294982,-0.0004478614554633134,scored,tae_like,0.9820982987315635,1.0,0.54,7.988907600520179e-05,0.2700399445380026,good,flagged_rf_only_good,True,True,True,True,,
/global/cfs/cdirs/m314/nova2/data/nstx_141711/N4/egn04w.2722E+02,nstx_141711,4,4,201,72,5.216858647625557,-0.00024074286768429007,scored,tae_like,0.9882425224850451,1.0,0.31333333333333335,0.18198348581790924,0.2476584095756213,bad,silver_bad,False,False,False,,,
/global/cfs/cdirs/m314/nova2/data/nstx_141711/N4/egn04w.3127E+02,nstx_141711,4,4,201,72,5.5922765362273426,-3.413744018071829e-05,scored,tae_like,0.9815234795608432,1.0,0.2866666666666667,0.0012135867727920413,0.14394012671972936,bad,silver_bad,False,False,False,,,
/global/cfs/cdirs/m314/nova2/data/nstx_141711/N4/egn04w.3557E+02,nstx_141711,4,4,201,72,5.964422696928757,-7.520437727370314e-05,scored,tae_like,0.960837516069597,1.0,0.23666666666666666,2.3236398192238994e-05,0.11834495153242945,bad,silver_bad,False,False,False,,,
/global/cfs/cdirs/m314/nova2/data/nstx_141711/N4/egn04w.4674E+02,nstx_141711,4,4,201,72,6.836826628684865,-0.0,scored,tae_like,0.9507751774591275,1.0,0.06333333333333334,3.346093180311982e-09,0.03166666833971326,bad,gold_bad,False,False,False,,,
/global/cfs/cdirs/m314/nova2/data/nstx_141711/N4/egn04w.4712E+02,nstx_141711,4,4,201,72,6.8642995958052575,-0.0,scored,tae_like,0.9350607894338081,1.0,0.06333333333333334,1.8466935758354452e-09,0.03166666759001346,bad,gold_bad,False,False,False,,,
/global/cfs/cdirs/m314/nova2/data/nstx_141711/N4/egn04w.4751E+02,nstx_141711,4,4,201,72,6.89256043302608,-0.0,scored,tae_like,0.8811511659809905,1.0,0.06666666666666667,4.480482829194443e-08,0.03333335573574748,bad,gold_bad,False,False,False,,,
/global/cfs/cdirs/m314/nova2/data/nstx_141711/N4/egn04w.4804E+02,nstx_141711,4,4,201,72,6.931406076040578,-0.0,scored,tae_like,0.7553931724103878,1.0,0.06666666666666667,2.190398751267253e-09,0.03333333442853271,bad,gold_bad,False,False,False,,,
/global/cfs/cdirs/m314/nova2/data/nstx_141711/N4/egn04w.4841E+02,nstx_141711,4,4,201,72,6.957858485544321,-0.0,scored,tae_like,0.4486371453364044,1.0,0.06333333333333334,9.922199950551658e-08,0.03166671627766642,bad,gold_bad,False,False,False,,,
/global/cfs/cdirs/m314/nova2/data/nstx_141711/N4/egn04w.4863E+02,nstx_141711,4,4,201,72,6.973404804395931,-0.0,scored,tae_like,0.9836511413092566,1.0,0.9233333333333333,0.8922501802444458,0.9077917567888896,good,gold_good,False,False,False,True,,
/global/cfs/cdirs/m314/nova2/data/nstx_141711/N4/egn04w.5818E+02,nstx_141711,4,4,201,72,7.627821370100815,-1.5348488142077657e-08,scored,tae_like,0.9876496708239636,0.9996917851573848,0.9933333333333333,0.9277446866035461,0.9605390099684397,good,gold_good,False,False,False,True,,
/global/cfs/cdirs/m314/nova2/data/nstx_141711/N4/egn04w.7956E+02,nstx_141711,4,4,201,72,8.919468747804185,-7.714376033717334e-05,scored,tae_like,0.9815473565801782,0.9971116798691889,0.56,0.9315040707588196,0.7457520353794098,good,silver_good,False,True,False,True,,
/global/cfs/cdirs/m314/nova2/data/nstx_141711/N4/egn04w.8898E+02,nstx_141711,4,4,201,72,9.432926366000581,-2.5775686408206752e-06,scored,tae_like,0.9667742592963516,0.9900529513429832,0.4866666666666667,0.6111997365951538,0.5489332016309103,bad,flagged_borderline_or_disagreement,True,True,False,,,
/global/cfs/cdirs/m314/nova2/data/nstx_141711/N4/egn04w.1003E+03,nstx_141711,4,4,201,72,10.016276900694633,-3.1289720221932115e-07,scored,tae_like,0.9553815259286316,0.9923371969819479,0.19333333333333333,0.23446714878082275,0.21390024105707806,bad,silver_bad,False,False,False,,,
/global/cfs/cdirs/m314/nova2/data/nstx_141711/N4/egn04w.1202E+03,nstx_141711,4,4,201,60,10.965217794257905,-8.4621512361267e-07,scored,tae_like,0.9243773135222226,0.9905416446620207,0.04,3.9480768101399916e-14,0.02000000000001974,bad,gold_bad,False,False,False,,,
/global/cfs/cdirs/m314/nova2/data/nstx_141711/N4/egn04w.1226E+03,nstx_141711,4,4,201,72,11.07161622184805,-7.510755457789456e-09,scored,tae_like,0.9425808863709534,0.9944512432563124,0.12,2.247044347467031e-12,0.06000000000112352,bad,gold_bad,False,False,False,,,
/global/cfs/cdirs/m314/nova2/data/nstx_141711/N4/egn04w.1510E+03,nstx_141711,4,4,201,60,12.2872857695112,-1.2483800543978048e-06,scored,tae_like,0.8340485847225007,0.9648999976722239,0.02,8.45866616767249e-14,0.010000000000042293,bad,gold_bad,False,False,False,,,
/global/cfs/cdirs/m314/nova2/data/nstx_141711/N4/egn04w.1521E+03,nstx_141711,4,4,201,72,12.332698111456931,-1.818876937232403e-08,scored,tae_like,0.9159938599364588,0.9968413475447744,0.1,5.697436888390411e-16,0.05000000000000029,bad,gold_bad,False,False,False,,,
/global/cfs/cdirs/m314/nova2/data/nstx_141711/N4/egn04w.2552E+03,nstx_141711,4,4,201,60,15.97419594923293,-7.416750582208985e-07,scored,mixed,-0.41464393821987566,0.4262081907309582,0.04,1.380477221250842e-12,0.02000000000069024,bad,gold_bad,False,False,False,,,
/global/cfs/cdirs/m314/nova2/data/nstx_141711/N4/egn04w.2742E+03,nstx_141711,4,4,201,60,16.56017359479652,-3.69140273704604e-05,scored,tae_like,0.4600445010992808,0.8350099183039131,0.056666666666666664,5.3629101620699185e-14,0.028333333333360147,bad,gold_bad,False,False,False,,,
/global/cfs/cdirs/m314/nova2/data/nstx_141711/N5/egn05w.2443E+02,nstx_141711,5,5,201,89,4.942220954193513,-0.0005038655781761892,scored,tae_like,0.9920629405831516,1.0,0.2966666666666667,0.2754140794277191,0.2860403730471929,bad,silver_bad,False,False,False,,,
/global/cfs/cdirs/m314/nova2/data/nstx_141711/N5/egn05w.2455E+02,nstx_141711,5,5,201,89,4.954856427137083,-2.2418997774678265e-07,scored,tae_like,0.9899492573818434,1.0,0.02,6.38359895602201e-17,0.010000000000000031,bad,gold_bad,False,False,False,,,
/global/cfs/cdirs/m314/nova2/data/nstx_141711/N5/egn05w.2526E+02,nstx_141711,5,5,201,89,5.025810659630776,-2.0534955488043822e-05,scored,tae_like,0.9500534484249479,1.0,0.04666666666666667,8.421213237852498e-07,0.023333754393995227,bad,gold_bad,False,False,False,,,
/global/cfs/cdirs/m314/nova2/data/nstx_141711/N5/egn05w.3326E+02,nstx_141711,5,5,201,89,5.76705370359414,-0.0,scored,tae_like,0.9497971128958207,1.0,0.006666666666666667,4.231660000186821e-07,0.003333544916333343,bad,gold_bad,False,False,False,,,
/global/cfs/cdirs/m314/nova2/data/nstx_141711/N5/egn05w.3338E+02,nstx_141711,5,5,201,89,5.777486575360624,-0.0,scored,tae_like,0.9841412932976705,1.0,0.0,6.532728136221522e-09,3.266364068110761e-09,bad,gold_bad,False,False,False,,,
/global/cfs/cdirs/m314/nova2/data/nstx_141711/N5/egn05w.3366E+02,nstx_141711,5,5,201,89,5.80203751478019,-0.0,scored,tae_like,0.9939614876969846,1.0,0.0,6.694952925379027e-11,3.347476462689514e-11,bad,gold_bad,False,False,False,,,
/global/cfs/cdirs/m314/nova2/data/nstx_141711/N5/egn05w.3417E+02,nstx_141711,5,5,201,89,5.845820897171377,-0.0,scored,tae_like,0.9969209157813333,1.0,0.0033333333333333335,1.574356478517558e-10,0.0016666667453844907,bad,gold_bad,False,False,False,,,
/global/cfs/cdirs/m314/nova2/data/nstx_141711/N5/egn05w.3429E+02,nstx_141711,5,5,201,89,5.855474164486786,-0.0,scored,tae_like,0.999496390027649,1.0,0.0033333333333333335,4.2647962198942265e-21,0.0016666666666666668,bad,gold_bad,False,False,False,,,
/global/cfs/cdirs/m314/nova2/data/nstx_141711/N5/egn05w.3646E+02,nstx_141711,5,5,201,89,6.037822951162393,-0.0,scored,tae_like,0.9853634089907396,1.0,0.006666666666666667,4.118665897318235e-26,0.0033333333333333335,bad,gold_bad,False,False,False,,,
/global/cfs/cdirs/m314/nova2/data/nstx_141711/N5/egn05w.3732E+02,nstx_141711,5,5,201,89,6.109249341560804,-0.0,scored,tae_like,0.9543680151818761,1.0,0.97,0.9306570887565613,0.9503285443782806,good,gold_good,False,False,False,True,,
/global/cfs/cdirs/m314/nova2/data/nstx_141711/N5/egn05w.3890E+02,nstx_141711,5,5,201,89,6.237244796883478,-0.0,scored,tae_like,0.8790838796506005,1.0,0.08333333333333333,6.095769444769417e-10,0.04166666697145514,bad,gold_bad,False,False,False,,,
/global/cfs/cdirs/m314/nova2/data/nstx_141711/N5/egn05w.3996E+02,nstx_141711,5,5,201,89,6.321784803964693,-0.0,scored,tae_like,0.9310734566663593,1.0,0.9966666666666667,0.9247555136680603,0.9607110901673634,good,gold_good,False,False,False,True,,
/global/cfs/cdirs/m314/nova2/data/nstx_141711/N5/egn05w.4326E+02,nstx_141711,5,5,201,89,6.57741443443859,-0.0,scored,tae_like,0.9468223483391264,1.0,0.9833333333333333,0.9309437870979309,0.9571385602156322,good,gold_good,False,False,False,True,,
/global/cfs/cdirs/m314/nova2/data/nstx_141711/N5/egn05w.4773E+02,nstx_141711,5,5,201,89,6.90839506028917,-0.0,scored,tae_like,0.9734092437887889,1.0,0.9766666666666667,0.9327123761177063,0.9546895213921864,good,gold_good,False,False,False,True,,
/global/cfs/cdirs/m314/nova2/data/nstx_141711/N5/egn05w.5596E+02,nstx_141711,5,5,201,89,7.480592656538356,-0.0,scored,tae_like,0.9808499382942272,1.0,0.9066666666666666,0.8544052243232727,0.8805359454949697,good,gold_good,False,False,False,True,,
/global/cfs/cdirs/m314/nova2/data/nstx_141711/N5/egn05w.6648E+02,nstx_141711,5,5,201,89,8.153253493834361,-0.0,scored,tae_like,0.9831414321519504,1.0,0.9866666666666667,0.9328787326812744,0.9597726996739706,good,gold_good,False,False,False,True,,
/global/cfs/cdirs/m314/nova2/data/nstx_141711/N5/egn05w.8838E+02,nstx_141711,5,5,201,89,9.400997518363559,-1.1576698378571647e-07,scored,tae_like,0.9580340848117468,0.9989275152227116,0.8633333333333333,0.8436118364334106,0.853472584883372,good,gold_good,False,False,False,True,,
/global/cfs/cdirs/m314/nova2/data/nstx_141711/N5/egn05w.9302E+02,nstx_141711,5,5,201,89,9.64489173769952,-1.502954541104532e-07,scored,tae_like,0.9289605632385918,0.9922512784341586,0.13,0.00306096114218235,0.06653048057109118,bad,gold_bad,False,False,False,,,
/global/cfs/cdirs/m314/nova2/data/nstx_141711/N5/egn05w.1019E+03,nstx_141711,5,5,201,89,10.095693397365588,-0.0010439691062436615,scored,tae_like,0.6768820431551543,0.9891995584351174,0.11333333333333333,1.4012581232236698e-05,0.05667367295728278,bad,gold_bad,False,False,False,,,
/global/cfs/cdirs/m314/nova2/data/nstx_141711/N5/egn05w.1251E+03,nstx_141711,5,5,201,89,11.184083509985669,-3.373107527815636e-05,scored,tae_like,0.8929045382500796,0.8964199771235637,0.18666666666666668,0.003682185895740986,0.09517442628120383,bad,gold_bad,False,False,False,,,
/global/cfs/cdirs/m314/nova2/data/nstx_141711/N5/egn05w.1252E+03,nstx_141711,5,5,201,74,11.18939315301116,-9.152240803883671e-05,scored,tae_like,0.8739139423125163,0.8865205463551092,0.06666666666666667,5.7109173212666065e-05,0.033361887919939666,bad,gold_bad,False,False,False,,,
/global/cfs/cdirs/m314/nova2/data/nstx_141711/N5/egn05w.2234E+03,nstx_141711,5,5,201,89,14.946336298571634,-0.00014932052316071035,scored,tae_like,0.716063885998202,0.8219886197572731,0.14333333333333334,1.176589159435082e-09,0.07166666725496125,bad,gold_bad,False,False,False,,,
/global/cfs/cdirs/m314/nova2/data/nstx_141711/N5/egn05w.2599E+03,nstx_141711,5,5,201,74,16.120605317925452,-3.7189657369285553e-06,scored,tae_like,0.4279311750569187,0.8849773569689292,0.11666666666666667,0.00011956574599025771,0.05839311620632846,bad,gold_bad,False,False,False,,,
/global/cfs/cdirs/m314/nova2/data/nstx_141711/N6/egn06w.2240E+02,nstx_141711,6,6,201,101,4.732393241260764,-0.00016927336308558311,scored,tae_like,0.9950008663868024,1.0,0.07,1.7135484142727364e-08,0.035000008567742075,bad,gold_bad,False,False,False,,,
/global/cfs/cdirs/m314/nova2/data/nstx_141711/N6/egn06w.2719E+02,nstx_141711,6,6,201,101,5.214237278769116,-0.0014662254466663558,scored,tae_like,0.9473311928875146,1.0,0.016666666666666666,5.352509058051801e-17,0.00833333333333336,bad,gold_bad,False,False,False,,,
/global/cfs/cdirs/m314/nova2/data/nstx_141711/N6/egn06w.2864E+02,nstx_141711,6,6,201,101,5.35167439562662,-6.233354189499485e-05,scored,tae_like,0.9885346914920599,1.0,0.42333333333333334,0.0003706714778672904,0.21185200240560031,bad,flagged_borderline_or_disagreement,False,True,True,,,
/global/cfs/cdirs/m314/nova2/data/nstx_141711/N6/egn06w.3259E+02,nstx_141711,6,6,201,101,5.709142088389172,-0.0,scored,tae_like,0.9973238236585523,1.0,0.02,4.5550692107099167e-08,0.010000022775346054,bad,gold_bad,False,False,False,,,
/global/cfs/cdirs/m314/nova2/data/nstx_141711/N6/egn06w.3274E+02,nstx_141711,6,6,201,101,5.722231598057315,-0.0,scored,tae_like,0.9972512905659044,1.0,0.03,0.061851710081100464,0.04592585504055023,bad,gold_bad,False,False,False,,,
/global/cfs/cdirs/m314/nova2/data/nstx_141711/N6/egn06w.3279E+02,nstx_141711,6,6,201,101,5.726638646795539,-0.0,scored,tae_like,0.9981360776258527,1.0,0.0033333333333333335,2.1343543840178655e-21,0.0016666666666666668,bad,gold_bad,False,False,False,,,
/global/cfs/cdirs/m314/nova2/data/nstx_141711/N6/egn06w.3297E+02,nstx_141711,6,6,201,101,5.742381539616451,-0.0,scored,tae_like,0.9958527339165859,1.0,0.0,2.9869110657054776e-12,1.4934555328527388e-12,bad,gold_bad,False,False,False,,,
/global/cfs/cdirs/m314/nova2/data/nstx_141711/N6/egn06w.3306E+02,nstx_141711,6,6,201,101,5.749472537703401,-0.0,scored,tae_like,0.9975271786946841,1.0,0.0033333333333333335,1.2137969518377645e-09,0.0016666672735651427,bad,gold_bad,False,False,False,,,
/global/cfs/cdirs/m314/nova2/data/nstx_141711/N6/egn06w.3557E+02,nstx_141711,6,6,201,101,5.963840512890537,-0.0,scored,tae_like,0.9711194737591593,1.0,0.96,0.9323729872703552,0.9461864936351776,good,gold_good,False,False,False,True,,
/global/cfs/cdirs/m314/nova2/data/nstx_141711/N6/egn06w.4024E+02,nstx_141711,6,6,201,101,6.3434857293066145,-0.0,scored,tae_like,0.9548781509687808,1.0,0.9966666666666667,0.9201152324676514,0.958390949567159,good,gold_good,False,False,False,True,,
/global/cfs/cdirs/m314/nova2/data/nstx_141711/N6/egn06w.4312E+02,nstx_141711,6,6,201,101,6.566211747937315,-0.0,scored,tae_like,0.9747412887908787,1.0,0.96,0.9302608966827393,0.9451304483413696,good,gold_good,False,False,False,True,,
/global/cfs/cdirs/m314/nova2/data/nstx_141711/N6/egn06w.4763E+02,nstx_141711,6,6,201,101,6.90120557981438,-0.0,scored,tae_like,0.9683069496839523,1.0,0.9766666666666667,0.930387556552887,0.9535271116097768,good,gold_good,False,False,False,True,,
/global/cfs/cdirs/m314/nova2/data/nstx_141711/N6/egn06w.5196E+02,nstx_141711,6,6,201,101,7.20825129408999,-0.0,scored,tae_like,0.9720143767944659,1.0,0.96,0.9289358854293823,0.9444679427146911,good,gold_good,False,False,False,True,,
/global/cfs/cdirs/m314/nova2/data/nstx_141711/N6/egn06w.5877E+02,nstx_141711,6,6,201,101,7.666203846990448,-0.0,scored,tae_like,0.9760606443135076,1.0,1.0,0.6647847890853882,0.8323923945426941,good,gold_good,False,False,False,True,,
/global/cfs/cdirs/m314/nova2/data/nstx_141711/N6/egn06w.6072E+02,nstx_141711,6,6,201,101,7.792005061724772,-0.0,scored,tae_like,0.9790740549892836,1.0,0.36666666666666664,0.001219042344018817,0.18394285450534273,bad,silver_bad,False,False,False,,,
/global/cfs/cdirs/m314/nova2/data/nstx_141711/N6/egn06w.6996E+02,nstx_141711,6,6,201,101,8.364022916054079,-0.0,scored,tae_like,0.9728374281710787,1.0,0.9166666666666666,0.8448892831802368,0.8807779749234517,good,gold_good,False,False,False,True,,
/global/cfs/cdirs/m314/nova2/data/nstx_141711/N6/egn06w.7398E+02,nstx_141711,6,6,201,101,8.600991898144333,-0.0,scored,tae_like,0.6572330098560305,1.0,0.06666666666666667,1.4895881195187144e-09,0.03333333407812739,bad,gold_bad,False,False,False,,,
/global/cfs/cdirs/m314/nova2/data/nstx_141711/N6/egn06w.8126E+02,nstx_141711,6,6,201,101,9.014591999841763,-8.4435621173447e-08,scored,tae_like,0.9694426340902976,0.9998726604621164,1.0,0.8270161747932434,0.9135080873966217,good,gold_good,False,False,False,True,,
/global/cfs/cdirs/m314/nova2/data/nstx_141711/N6/egn06w.9258E+02,nstx_141711,6,6,201,101,9.621857576849008,-1.7638505395459064e-06,scored,tae_like,0.9529762460154184,0.999581571313668,0.92,0.5011312961578369,0.7105656480789184,good,silver_good,False,True,True,True,,
/global/cfs/cdirs/m314/nova2/data/nstx_141711/N6/egn06w.1028E+03,nstx_141711,6,6,201,101,10.13910732736533,-2.021393523975987e-06,scored,tae_like,0.9127046779820348,0.9835433667503815,0.3933333333333333,2.8330262011877494e-06,0.19666808317976725,bad,silver_bad,False,False,False,,,
/global/cfs/cdirs/m314/nova2/data/nstx_141711/N6/egn06w.1180E+03,nstx_141711,6,6,201,101,10.863877214190154,-1.708377740302483e-05,scored,tae_like,0.8298689324447819,0.9842655820635997,0.3466666666666667,0.027273720130324364,0.18697019339849552,bad,silver_bad,False,False,False,,,
/global/cfs/cdirs/m314/nova2/data/nstx_141711/N6/egn06w.1265E+03,nstx_141711,6,6,201,101,11.248396876518301,-3.1723893867239008e-06,scored,tae_like,0.8374831834672938,0.9870529588422796,0.7,0.003529621521010995,0.3517648107605055,good,flagged_rf_only_good,True,False,True,True,,
/global/cfs/cdirs/m314/nova2/data/nstx_141711/N6/egn06w.1429E+03,nstx_141711,6,6,201,101,11.95477407832908,-4.277777437099952e-07,scored,tae_like,0.8819877214006809,0.9914268710069797,0.36333333333333334,0.005195986945182085,0.1842646601392577,bad,silver_bad,False,False,False,,,
/global/cfs/cdirs/m314/nova2/data/nstx_141711/N6/egn06w.1606E+03,nstx_141711,6,6,201,101,12.67130705844683,-2.1111848755299318e-07,scored,mixed,0.11900541396299408,0.050146035423883274,0.013333333333333334,6.88481459400363e-36,0.006666666666666667,bad,gold_bad,False,False,False,,,
/global/cfs/cdirs/m314/nova2/data/nstx_141711/N6/egn06w.2065E+03,nstx_141711,6,6,201,101,14.368777336738772,-0.00035179563485590777,scored,tae_like,0.6648750674357001,0.813964054210626,0.19,1.698862348575858e-07,0.09500008494311743,bad,gold_bad,False,False,False,,,
/global/cfs/cdirs/m314/nova2/data/nstx_141711/N6/egn06w.2386E+03,nstx_141711,6,6,201,101,15.447118011496872,-1.06824822655494e-05,scored,tae_like,0.3022774238501591,0.7802489166361207,0.31,0.00046448546345345676,0.15523224273172673,bad,silver_bad,False,False,False,,,
/global/cfs/cdirs/m314/nova2/data/nstx_141711/N6/egn06w.2395E+03,nstx_141711,6,6,201,101,15.475162110980005,-3.906266421481645e-06,scored,tae_like,0.2837367739084766,0.8532433468017402,0.07,0.0003086015931330621,0.035154300796566534,bad,gold_bad,False,False,False,,,
/global/cfs/cdirs/m314/nova2/data/nstx_141711/N6/egn06w.2400E+03,nstx_141711,6,6,201,101,15.492513312887617,-3.2102007503837328e-06,scored,tae_like,0.27140479294121933,0.8870561826596949,0.14333333333333334,1.5551025356330683e-08,0.07166667444217935,bad,gold_bad,False,False,False,,,
/global/cfs/cdirs/m314/nova2/data/nstx_141711/N7/egn07w.2315E+02,nstx_141711,7,7,201,101,4.811844404298684,-0.0002858725234988463,scored,tae_like,0.99547855332172,1.0,0.11,0.06131032481789589,0.08565516240894794,bad,gold_bad,False,False,False,,,
/global/cfs/cdirs/m314/nova2/data/nstx_141711/N7/egn07w.2354E+02,nstx_141711,7,7,201,101,4.852298124807862,-4.522805038384898e-05,scored,tae_like,0.9953997899619658,1.0,0.03333333333333333,1.9608331614223012e-13,0.01666666666676471,bad,gold_bad,False,False,False,,,
/global/cfs/cdirs/m314/nova2/data/nstx_141711/N7/egn07w.2446E+02,nstx_141711,7,7,201,101,4.945633793538667,-0.00027431437453210195,scored,tae_like,0.994385775442293,1.0,0.24333333333333335,0.035800859332084656,0.139567096332709,bad,silver_bad,False,False,False,,,
/global/cfs/cdirs/m314/nova2/data/nstx_141711/N7/egn07w.2912E+02,nstx_141711,7,7,201,101,5.396266673397143,-2.391462019661946e-06,scored,tae_like,0.9880008640809841,1.0,0.17666666666666667,0.0020503464620560408,0.08935850656436135,bad,gold_bad,False,False,False,,,
/global/cfs/cdirs/m314/nova2/data/nstx_141711/N7/egn07w.3047E+02,nstx_141711,7,7,201,101,5.52017586493955,-8.812647943456296e-05,scored,tae_like,0.9843327769450035,1.0,0.15333333333333332,0.0034196265041828156,0.07837647991875807,bad,gold_bad,False,False,False,,,
/global/cfs/cdirs/m314/nova2/data/nstx_141711/N7/egn07w.3129E+02,nstx_141711,7,7,201,101,5.593605483856345,-2.637950092409906e-05,scored,tae_like,0.972266562311356,1.0,0.49,0.0002529257326386869,0.24512646286631934,bad,flagged_borderline_or_disagreement,False,True,True,,,
/global/cfs/cdirs/m314/nova2/data/nstx_141711/N7/egn07w.3351E+02,nstx_141711,7,7,201,101,5.789156567874211,-1.8946682442141315e-06,scored,tae_like,0.9330185514524406,1.0,0.02,7.121340331650572e-06,0.010003560670165825,bad,gold_bad,False,False,False,,,
/global/cfs/cdirs/m314/nova2/data/nstx_141711/N7/egn07w.3787E+02,nstx_141711,7,7,201,101,6.153738736250328,-2.6012343492008217e-07,scored,tae_like,0.9269125906112254,1.0,0.6966666666666667,0.11257023364305496,0.4046184501548608,good,flagged_rf_only_good,True,False,True,True,,
/global/cfs/cdirs/m314/nova2/data/nstx_141711/N7/egn07w.3879E+02,nstx_141711,7,7,201,101,6.228183276613121,-9.097614628091189e-08,scored,tae_like,0.8718352149149058,1.0,0.72,0.9039347767829895,0.8119673883914947,good,gold_good,False,False,False,True,,
/global/cfs/cdirs/m314/nova2/data/nstx_141711/N7/egn07w.4072E+02,nstx_141711,7,7,201,101,6.381499444194132,-4.307314779629213e-09,scored,tae_like,0.9619182607731712,1.0,0.9866666666666667,0.9329239726066589,0.9597953196366629,good,gold_good,False,False,False,True,,
/global/cfs/cdirs/m314/nova2/data/nstx_141711/N7/egn07w.4304E+02,nstx_141711,7,7,201,101,6.560119442563105,-2.6197388454844458e-11,scored,tae_like,0.9718633829331806,1.0,0.99,0.9145722985267639,0.952286149263382,good,gold_good,False,False,False,True,,
/global/cfs/cdirs/m314/nova2/data/nstx_141711/N7/egn07w.4771E+02,nstx_141711,7,7,201,101,6.907350496783603,-0.0,scored,tae_like,0.995771238493334,1.0,0.056666666666666664,1.7461577499489067e-06,0.028334206412208306,bad,gold_bad,False,False,False,,,
/global/cfs/cdirs/m314/nova2/data/nstx_141711/N7/egn07w.4871E+02,nstx_141711,7,7,201,101,6.979050838591084,-0.0,scored,tae_like,0.9839122756292725,1.0,1.0,0.9116993546485901,0.955849677324295,good,gold_good,False,False,False,True,,
/global/cfs/cdirs/m314/nova2/data/nstx_141711/N7/egn07w.4884E+02,nstx_141711,7,7,201,101,6.988241146591657,-0.0,scored,tae_like,0.9824967239767946,1.0,0.05,1.9173403052462615e-17,0.025000000000000012,bad,gold_bad,False,False,False,,,
/global/cfs/cdirs/m314/nova2/data/nstx_141711/N7/egn07w.5159E+02,nstx_141711,7,7,201,101,7.182320748672087,-0.0,scored,tae_like,0.95237722411298,1.0,0.056666666666666664,8.018746222582251e-10,0.028333333734270643,bad,gold_bad,False,False,False,,,
/global/cfs/cdirs/m314/nova2/data/nstx_141711/N7/egn07w.5256E+02,nstx_141711,7,7,201,101,7.249753797304278,-0.0,scored,tae_like,0.8720527216595834,1.0,0.05333333333333334,4.063599803871831e-11,0.02666666668698467,bad,gold_bad,False,False,False,,,
/global/cfs/cdirs/m314/nova2/data/nstx_141711/N7/egn07w.8224E+02,nstx_141711,7,7,201,101,9.068392480892078,-1.0447072696862192e-06,scored,tae_like,0.9762644315185892,0.997543734263904,0.8866666666666667,0.862747848033905,0.8747072573502859,good,gold_good,False,False,False,True,,
/global/cfs/cdirs/m314/nova2/data/nstx_141711/N7/egn07w.9318E+02,nstx_141711,7,7,201,101,9.65311212950115,-4.26436250337203e-05,scored,tae_like,0.9723011793626282,0.9964044512582233,0.73,0.8895966410636902,0.8097983205318451,good,gold_good,False,False,False,True,,
/global/cfs/cdirs/m314/nova2/data/nstx_141711/N7/egn07w.1044E+03,nstx_141711,7,7,201,101,10.21846117498727,-7.206695228721351e-09,scored,tae_like,0.9550975675498904,0.9883771041385285,0.54,0.005196578335016966,0.2725982891675085,good,flagged_rf_only_good,True,True,True,True,,
/global/cfs/cdirs/m314/nova2/data/nstx_141711/N7/egn07w.1168E+03,nstx_141711,7,7,201,101,10.807820519188871,-1.860105623314732e-06,scored,tae_like,0.9428905327303672,0.9964471323476543,0.7033333333333334,0.8683663010597229,0.7858498171965281,good,gold_good,False,False,False,True,,
/global/cfs/cdirs/m314/nova2/data/nstx_141711/N7/egn07w.1225E+03,nstx_141711,7,7,201,101,11.068773723231997,-2.667582679823549e-08,scored,tae_like,0.9451543390512335,0.9966112877066546,0.26666666666666666,0.14852814376354218,0.20759740521510442,bad,silver_bad,False,False,False,,,
/global/cfs/cdirs/m314/nova2/data/nstx_141711/N7/egn07w.1348E+03,nstx_141711,7,7,201,101,11.611306525801098,-8.149210182402353e-07,scored,tae_like,0.8799539468251399,0.9585139774967383,0.28,0.0004298043786548078,0.14021490218932742,bad,silver_bad,False,False,False,,,
/global/cfs/cdirs/m314/nova2/data/nstx_141711/N7/egn07w.1500E+03,nstx_141711,7,7,201,101,12.247641850690188,-1.8007284724634193e-06,scored,tae_like,0.813943795316827,0.9690025505250857,0.5666666666666667,0.00021170885884203017,0.28343918776275434,good,flagged_rf_only_good,True,True,True,True,,
/global/cfs/cdirs/m314/nova2/data/nstx_141711/N7/egn07w.1594E+03,nstx_141711,7,7,201,101,12.62362306847761,-2.1561753436289858e-05,scored,tae_like,0.839771554839153,0.9871054860146535,0.5033333333333333,0.09712409228086472,0.300228712807099,good,flagged_rf_only_good,True,True,True,True,,
/global/cfs/cdirs/m314/nova2/data/nstx_141711/N7/egn07w.1825E+03,nstx_141711,7,7,201,101,13.508708289572981,-6.56726524527009e-07,scored,tae_like,0.6165797418691058,0.984797615756122,0.49666666666666665,0.0025504212826490402,0.24960854397465784,bad,flagged_borderline_or_disagreement,False,True,True,,,
/global/cfs/cdirs/m314/nova2/data/nstx_141711/N7/egn07w.1840E+03,nstx_141711,7,7,201,101,13.5654582667196,-5.880093042871933e-07,scored,tae_like,0.462878938021304,0.9932305790398146,0.14,0.0012667442206293344,0.07063337211031467,bad,gold_bad,False,False,False,,,
/global/cfs/cdirs/m314/nova2/data/nstx_141711/N7/egn07w.2391E+03,nstx_141711,7,7,201,101,15.462311370447392,-0.00011441111141539625,scored,mixed,0.16845798012531824,0.47784760484776273,0.09666666666666666,1.1712094405424978e-08,0.048333339189380535,bad,gold_bad,False,False,False,,,
/global/cfs/cdirs/m314/nova2/data/nstx_141711/N7/egn07w.2558E+03,nstx_141711,7,7,201,101,15.995261973854781,-8.215512671586434e-06,scored,mixed,-0.1508516384008421,0.4120667652629564,0.09333333333333334,4.3770427282652236e-08,0.04666668855188031,bad,gold_bad,False,False,False,,,
/global/cfs/cdirs/m314/nova2/data/nstx_141711/N8/egn08w.2017E+02,nstx_141711,8,8,201,101,4.491212605566873,-3.281481249403299e-05,scored,tae_like,0.9984067643407812,1.0,0.24666666666666667,0.7086093425750732,0.47763800462086997,bad,flagged_borderline_or_disagreement,True,False,True,,,
/global/cfs/cdirs/m314/nova2/data/nstx_141711/N8/egn08w.2079E+02,nstx_141711,8,8,201,101,4.559102021376518,-0.0006110821766642055,scored,tae_like,0.9965582327597466,1.0,0.02,0.04026198014616966,0.030130990073084833,bad,gold_bad,False,False,False,,,
/global/cfs/cdirs/m314/nova2/data/nstx_141711/N8/egn08w.2243E+02,nstx_141711,8,8,201,101,4.736266582145982,-4.186028779108937e-05,scored,tae_like,0.9955510036510169,1.0,0.09,4.960887963534333e-05,0.04502480443981767,bad,gold_bad,False,False,False,,,
/global/cfs/cdirs/m314/nova2/data/nstx_141711/N8/egn08w.2308E+02,nstx_141711,8,8,201,101,4.804527012902345,-0.0034473229317534644,scored,tae_like,0.9960233328679305,1.0,0.15333333333333332,0.0038444881793111563,0.07858891075632224,bad,gold_bad,False,False,False,,,
/global/cfs/cdirs/m314/nova2/data/nstx_141711/N8/egn08w.2389E+02,nstx_141711,8,8,201,101,4.887691035091508,-0.00011432994884359919,scored,tae_like,0.9847773237452087,1.0,0.15333333333333332,8.43675407313782e-10,0.07666666708850436,bad,gold_bad,False,False,False,,,
/global/cfs/cdirs/m314/nova2/data/nstx_141711/N8/egn08w.2459E+02,nstx_141711,8,8,201,101,4.958791229732247,-0.002870813199541371,scored,tae_like,0.9733064726157785,1.0,0.02666666666666667,1.309380123908876e-23,0.013333333333333334,bad,gold_bad,False,False,False,,,
/global/cfs/cdirs/m314/nova2/data/nstx_141711/N8/egn08w.2554E+02,nstx_141711,8,8,201,101,5.05402507788072,-0.00014326364561749198,scored,tae_like,0.9953902695100676,1.0,0.16,8.100532227217627e-07,0.08000040502661136,bad,gold_bad,False,False,False,,,
/global/cfs/cdirs/m314/nova2/data/nstx_141711/N8/egn08w.3005E+02,nstx_141711,8,8,201,101,5.4815831569219124,-7.651060711122136e-08,scored,tae_like,0.9988828972029025,1.0,0.14333333333333334,8.192372336068843e-10,0.07166666707628529,bad,gold_bad,False,False,False,,,
/global/cfs/cdirs/m314/nova2/data/nstx_141711/N8/egn08w.3070E+02,nstx_141711,8,8,201,101,5.540855007916197,-2.646924044303468e-07,scored,tae_like,0.9999407990155916,1.0,0.0,8.305078152970324e-11,4.152539076485162e-11,bad,gold_bad,False,False,False,,,
/global/cfs/cdirs/m314/nova2/data/nstx_141711/N8/egn08w.3109E+02,nstx_141711,8,8,201,101,5.5758082451610145,-9.601570379545175e-41,scored,tae_like,0.9681692393651189,1.0,0.82,0.5348096489906311,0.6774048244953155,good,silver_good,False,True,False,True,,
/global/cfs/cdirs/m314/nova2/data/nstx_141711/N8/egn08w.3134E+02,nstx_141711,8,8,201,101,5.598511125550853,-5.5014600781798554e-43,scored,tae_like,0.9999815904456063,1.0,0.0,1.67961035082142e-16,8.3980517541071e-17,bad,gold_bad,False,False,False,,,
/global/cfs/cdirs/m314/nova2/data/nstx_141711/N8/egn08w.3255E+02,nstx_141711,8,8,201,101,5.705016334028132,-5.824260104810936e-42,scored,tae_like,0.9999403261202854,1.0,0.0033333333333333335,1.1044296881011114e-26,0.0016666666666666668,bad,gold_bad,False,False,False,,,
/global/cfs/cdirs/m314/nova2/data/nstx_141711/N8/egn08w.3275E+02,nstx_141711,8,8,201,101,5.722686676303264,-1.5227101871048432e-39,scored,tae_like,0.9642722352823737,1.0,0.9933333333333333,0.9312950968742371,0.9623142151037851,good,gold_good,False,False,False,True,,
/global/cfs/cdirs/m314/nova2/data/nstx_141711/N8/egn08w.3307E+02,nstx_141711,8,8,201,101,5.750274563191167,-2.4302820007633486e-40,scored,tae_like,0.9558846126730738,1.0,0.9966666666666667,0.9313932061195374,0.964029936393102,good,gold_good,False,False,False,True,,
/global/cfs/cdirs/m314/nova2/data/nstx_141711/N8/egn08w.3646E+02,nstx_141711,8,8,201,101,6.037921791972155,-2.723665384221679e-39,scored,tae_like,0.9930979265787782,1.0,1.0,0.9278560280799866,0.9639280140399933,good,gold_good,False,False,False,True,,
/global/cfs/cdirs/m314/nova2/data/nstx_141711/N8/egn08w.4015E+02,nstx_141711,8,8,201,101,6.336091949925969,-2.1162712708269078e-39,scored,tae_like,0.9774313938907763,1.0,0.9866666666666667,0.9327448606491089,0.9597057636578878,good,gold_good,False,False,False,True,,
/global/cfs/cdirs/m314/nova2/data/nstx_141711/N8/egn08w.4130E+02,nstx_141711,8,8,201,101,6.426138673147957,-8.484353794937483e-41,scored,tae_like,0.9646924212276543,1.0,0.9233333333333333,0.9237332344055176,0.9235332838694255,good,gold_good,False,False,False,True,,
/global/cfs/cdirs/m314/nova2/data/nstx_141711/N8/egn08w.4365E+02,nstx_141711,8,8,201,101,6.606672598960927,-2.6783258547509616e-39,scored,tae_like,0.9876916588097289,1.0,0.99,0.9285290241241455,0.9592645120620727,good,gold_good,False,False,False,True,,
/global/cfs/cdirs/m314/nova2/data/nstx_141711/N8/egn08w.5014E+02,nstx_141711,8,8,201,101,7.081158520297603,-2.343840447064328e-39,scored,tae_like,0.992037453700539,1.0,0.9933333333333333,0.9248557090759277,0.9590945212046305,good,gold_good,False,False,False,True,,
/global/cfs/cdirs/m314/nova2/data/nstx_141711/N8/egn08w.5652E+02,nstx_141711,8,8,201,101,7.5177928410796815,-2.326097275012517e-39,scored,tae_like,0.9916530165000765,1.0,0.9966666666666667,0.9334815740585327,0.9650741203625997,good,gold_good,False,False,False,True,,
/global/cfs/cdirs/m314/nova2/data/nstx_141711/N8/egn08w.6162E+02,nstx_141711,8,8,201,101,7.8495413547013495,-2.476645996086432e-39,scored,tae_like,0.9899545111200758,1.0,0.9633333333333334,0.9334964156150818,0.9484148744742076,good,gold_good,False,False,False,True,,
/global/cfs/cdirs/m314/nova2/data/nstx_141711/N8/egn08w.7043E+02,nstx_141711,8,8,201,101,8.39233410329861,-1.2979811208069494e-39,scored,tae_like,0.9875498739927935,1.0,0.9633333333333334,0.9325326681137085,0.9479330007235209,good,gold_good,False,False,False,True,,
/global/cfs/cdirs/m314/nova2/data/nstx_141711/N8/egn08w.7895E+02,nstx_141711,8,8,201,101,8.885328741260945,-2.7079682968954437e-42,scored,tae_like,0.30860051356730506,1.0,0.07,1.0851314982573967e-05,0.03500542565749129,bad,gold_bad,False,False,False,,,
/global/cfs/cdirs/m314/nova2/data/nstx_141711/N8/egn08w.8043E+02,nstx_141711,8,8,201,101,8.968142643004613,-1.3502323828727205e-11,scored,tae_like,0.9865771999762398,0.9999966531353568,0.9533333333333334,0.930551290512085,0.9419423119227092,good,gold_good,False,False,False,True,,
/global/cfs/cdirs/m314/nova2/data/nstx_141711/N8/egn08w.9271E+02,nstx_141711,8,8,201,101,9.628801783437138,-1.1554243759665643e-09,scored,tae_like,0.9853883658764234,0.999998641082725,0.9833333333333333,0.9255776405334473,0.9544554869333903,good,gold_good,False,False,False,True,,
/global/cfs/cdirs/m314/nova2/data/nstx_141711/N8/egn08w.1026E+03,nstx_141711,8,8,201,101,10.128014168974314,-1.4003965384052567e-06,scored,tae_like,0.6956993199009939,0.9934932736864927,0.8033333333333333,0.7122407555580139,0.7577870444456736,good,gold_good,False,False,False,True,,
/global/cfs/cdirs/m314/nova2/data/nstx_141711/N8/egn08w.1049E+03,nstx_141711,8,8,201,101,10.240873943758142,-3.099422043068101e-07,scored,tae_like,0.9304545873129425,0.9982191852014259,0.8533333333333334,0.8167756199836731,0.8350544766585033,good,gold_good,False,False,False,True,,
/global/cfs/cdirs/m314/nova2/data/nstx_141711/N8/egn08w.1166E+03,nstx_141711,8,8,201,101,10.799469410152344,-7.390935640615657e-05,scored,tae_like,0.9638025812290189,0.9791902608427675,0.44666666666666666,0.05260975658893585,0.24963821162780125,bad,flagged_borderline_or_disagreement,False,True,False,,,
/global/cfs/cdirs/m314/nova2/data/nstx_141711/N8/egn08w.1228E+03,nstx_141711,8,8,201,101,11.080585211190284,-3.5009628155989063e-07,scored,mixed,-0.0006845177856277128,0.035804462366196055,0.016666666666666666,2.8491477850371777e-30,0.008333333333333333,bad,gold_bad,False,False,False,,,
/global/cfs/cdirs/m314/nova2/data/nstx_141711/N8/egn08w.1296E+03,nstx_141711,8,8,201,101,11.384361608632744,-1.1102311984918261e-05,scored,tae_like,0.9628169514287146,0.9896387651700752,0.42333333333333334,0.5421158671379089,0.48272460023562114,bad,flagged_borderline_or_disagreement,True,True,False,,,
/global/cfs/cdirs/m314/nova2/data/nstx_141711/N8/egn08w.1470E+03,nstx_141711,8,8,201,101,12.12388847998034,-1.401484363356526e-06,scored,tae_like,0.9512387557253843,0.9944971702826969,0.23666666666666666,0.8846132755279541,0.5606399710973103,bad,flagged_borderline_or_disagreement,True,False,True,,,
/global/cfs/cdirs/m314/nova2/data/nstx_141711/N8/egn08w.1677E+03,nstx_141711,8,8,201,101,12.948631483352466,-0.00010997065384498376,scored,tae_like,0.9058749353567535,0.9824732295195989,0.25,0.40717199444770813,0.32858599722385406,bad,flagged_borderline_or_disagreement,False,True,False,,,
/global/cfs/cdirs/m314/nova2/data/nstx_141711/N8/egn08w.1878E+03,nstx_141711,8,8,201,101,13.703660867832202,-6.2110901662365465e-06,scored,tae_like,0.8437365850299494,0.9608349840191894,0.61,0.1390373557806015,0.37451867789030074,good,flagged_rf_only_good,True,False,True,True,,
/global/cfs/cdirs/m314/nova2/data/nstx_141711/N8/egn08w.1953E+03,nstx_141711,8,8,201,101,13.975252494737498,-1.3847823022096048e-05,scored,tae_like,0.8339227935841981,0.963149415971621,0.63,0.027455510571599007,0.3287277552857995,good,flagged_rf_only_good,True,False,True,True,,
/global/cfs/cdirs/m314/nova2/data/nstx_141711/N8/egn08w.2242E+03,nstx_141711,8,8,201,101,14.972622585350013,-2.5033741753137223e-05,scored,tae_like,0.45362641000391174,0.8921535116291169,0.4,0.0031173517927527428,0.20155867589637638,bad,flagged_borderline_or_disagreement,False,True,False,,,
/global/cfs/cdirs/m314/nova2/data/nstx_141711/N8/egn08w.2285E+03,nstx_141711,8,8,201,101,15.117413731080681,-7.77171881447868e-06,scored,tae_like,0.23231823851741867,0.8817835345375645,0.23333333333333334,0.06149984151124954,0.14741658742229144,bad,silver_bad,False,False,False,,,
/global/cfs/cdirs/m314/nova2/data/nstx_141711/N8/egn08w.2294E+03,nstx_141711,8,8,201,101,15.144778734490204,-3.4778785110649258e-06,scored,tae_like,0.05871051134079657,0.8339193046302866,0.08,0.004327245056629181,0.04216362252831459,bad,gold_bad,False,False,False,,,
/global/cfs/cdirs/m314/nova2/data/nstx_141711/N8/egn08w.2576E+03,nstx_141711,8,8,201,101,16.051044612836424,-3.09866751641377e-05,scored,tae_like,0.7100132894163156,0.924001891332147,0.19333333333333333,5.074384801240228e-10,0.0966666669203859,bad,gold_bad,False,False,False,,,
/global/cfs/cdirs/m314/nova2/data/nstx_141711/N8/egn08w.2630E+03,nstx_141711,8,8,201,101,16.21688737780742,-2.427217137216227e-05,scored,tae_like,0.5779490996317871,0.8926477763858454,0.09,5.325862844074436e-07,0.0450002662931422,bad,gold_bad,False,False,False,,,
/global/cfs/cdirs/m314/nova2/data/nstx_141711/N9/egn09w.2134E+02,nstx_141711,9,9,201,101,4.619446388825842,-0.00041464962116367926,scored,tae_like,0.9968629336876964,1.0,0.09,0.0008117572288028896,0.04540587861440144,bad,gold_bad,False,False,False,,,
/global/cfs/cdirs/m314/nova2/data/nstx_141711/N9/egn09w.2459E+02,nstx_141711,9,9,201,101,4.9588568744959876,-0.002120437469291818,scored,tae_like,0.995921790321719,1.0,0.11333333333333333,0.3671127259731293,0.2402230296532313,bad,silver_bad,False,False,False,,,
/global/cfs/cdirs/m314/nova2/data/nstx_141711/N9/egn09w.2558E+02,nstx_141711,9,9,201,101,5.057593108077695,-4.3993443238745224e-05,scored,tae_like,0.990822622891709,1.0,0.03666666666666667,1.5882587739023298e-16,0.018333333333333413,bad,gold_bad,False,False,False,,,
/global/cfs/cdirs/m314/nova2/data/nstx_141711/N9/egn09w.2629E+02,nstx_141711,9,9,201,101,5.127707723899258,-2.607172777295005e-05,scored,tae_like,0.9960619698813102,1.0,0.7466666666666667,0.8501709699630737,0.7984188183148702,good,gold_good,False,False,False,True,,
/global/cfs/cdirs/m314/nova2/data/nstx_141711/N9/egn09w.2747E+02,nstx_141711,9,9,201,101,5.241064858470504,-3.678154696163251e-06,scored,tae_like,0.9956586451147161,1.0,0.9266666666666666,0.9250279664993286,0.9258473165829977,good,gold_good,False,False,False,True,,
/global/cfs/cdirs/m314/nova2/data/nstx_141711/N9/egn09w.2889E+02,nstx_141711,9,9,201,101,5.374667908022576,-0.0007863890882760091,scored,tae_like,0.9954355957243438,1.0,0.78,0.9314621090888977,0.8557310545444489,good,gold_good,False,False,False,True,,
/global/cfs/cdirs/m314/nova2/data/nstx_141711/N9/egn09w.3045E+02,nstx_141711,9,9,201,101,5.517855918830449,-6.1439108075671865e-06,scored,tae_like,0.9655508469705025,1.0,0.0033333333333333335,9.25488103444309e-15,0.0016666666666712941,bad,gold_bad,False,False,False,,,
/global/cfs/cdirs/m314/nova2/data/nstx_141711/N9/egn09w.3127E+02,nstx_141711,9,9,201,101,5.5916362005503855,-1.0616341985501815e-05,scored,tae_like,0.9785657035280286,1.0,0.8766666666666667,0.20504067838191986,0.5408536725242933,good,flagged_rf_only_good,True,False,True,True,,
/global/cfs/cdirs/m314/nova2/data/nstx_141711/N9/egn09w.3405E+02,nstx_141711,9,9,201,101,5.835556681945133,-5.719880774343412e-06,scored,tae_like,0.9905780797789001,1.0,0.9666666666666667,0.9018088579177856,0.9342377622922262,good,gold_good,False,False,False,True,,
/global/cfs/cdirs/m314/nova2/data/nstx_141711/N9/egn09w.3582E+02,nstx_141711,9,9,201,101,5.985144188310014,-5.557922225929682e-21,scored,tae_like,0.9995916588688639,1.0,0.09666666666666666,2.571635439319042e-11,0.04833333334619151,bad,gold_bad,False,False,False,,,
/global/cfs/cdirs/m314/nova2/data/nstx_141711/N9/egn09w.3593E+02,nstx_141711,9,9,201,101,5.994129615194355,-5.731539128567638e-36,scored,tae_like,0.997074528102818,1.0,0.0,0.023102400824427605,0.011551200412213802,bad,gold_bad,False,False,False,,,
/global/cfs/cdirs/m314/nova2/data/nstx_141711/N9/egn09w.3602E+02,nstx_141711,9,9,201,101,6.002044103481656,-1.1659433122388643e-37,scored,tae_like,0.9998645800545357,1.0,0.7833333333333333,0.8780674934387207,0.830700413386027,good,gold_good,False,False,False,True,,
/global/cfs/cdirs/m314/nova2/data/nstx_141711/N9/egn09w.3610E+02,nstx_141711,9,9,201,101,6.008639071335815,-1.3311307375881704e-35,scored,tae_like,0.9888959364099362,1.0,0.0,5.159055163798725e-25,2.5795275818993625e-25,bad,gold_bad,False,False,False,,,
/global/cfs/cdirs/m314/nova2/data/nstx_141711/N9/egn09w.3675E+02,nstx_141711,9,9,201,101,6.061963929621142,-4.3979368736004253e-38,scored,tae_like,0.9999470403197862,1.0,0.02,6.846726360070713e-38,0.01,bad,gold_bad,False,False,False,,,
/global/cfs/cdirs/m314/nova2/data/nstx_141711/N9/egn09w.4027E+02,nstx_141711,9,9,201,101,6.345606426507942,-9.4529277484838e-38,scored,tae_like,0.9772670815024613,1.0,1.0,0.9240262508392334,0.9620131254196167,good,gold_good,False,False,False,True,,
/global/cfs/cdirs/m314/nova2/data/nstx_141711/N9/egn09w.4199E+02,nstx_141711,9,9,201,101,6.479904332337788,-2.91566379204955e-38,scored,tae_like,0.9742772131421963,1.0,0.96,0.9255069494247437,0.9427534747123718,good,gold_good,False,False,False,True,,
/global/cfs/cdirs/m314/nova2/data/nstx_141711/N9/egn09w.4496E+02,nstx_141711,9,9,201,101,6.7048879933577,-2.725644105082189e-38,scored,tae_like,0.9857500134318372,1.0,0.99,0.9268504977226257,0.9584252488613129,good,gold_good,False,False,False,True,,
/global/cfs/cdirs/m314/nova2/data/nstx_141711/N9/egn09w.5019E+02,nstx_141711,9,9,201,101,7.084222523845585,-4.407502178912286e-38,scored,tae_like,0.9914425108379425,1.0,0.9966666666666667,0.9312984943389893,0.9639825805028279,good,gold_good,False,False,False,True,,
/global/cfs/cdirs/m314/nova2/data/nstx_141711/N9/egn09w.5617E+02,nstx_141711,9,9,201,101,7.4948231554816855,-1.876643961819873e-38,scored,tae_like,0.9918256916889134,1.0,0.9766666666666667,0.895700991153717,0.9361838289101918,good,gold_good,False,False,False,True,,
/global/cfs/cdirs/m314/nova2/data/nstx_141711/N9/egn09w.6252E+02,nstx_141711,9,9,201,101,7.907070664478443,-2.62834396188782e-38,scored,tae_like,0.9916458658674612,1.0,0.9933333333333333,0.9326756596565247,0.9630044964949289,good,gold_good,False,False,False,True,,
/global/cfs/cdirs/m314/nova2/data/nstx_141711/N9/egn09w.6899E+02,nstx_141711,9,9,201,101,8.305739470975611,-5.956646820356683e-40,scored,tae_like,0.6306788805366735,1.0,0.07,5.956313220423226e-09,0.035000002978156614,bad,gold_bad,False,False,False,,,
/global/cfs/cdirs/m314/nova2/data/nstx_141711/N9/egn09w.7772E+02,nstx_141711,9,9,201,101,8.815655217266738,-2.2408688981460475e-11,scored,tae_like,0.9880556254274659,0.9999993448871894,0.9933333333333333,0.9330361485481262,0.9631847409407297,good,gold_good,False,False,False,True,,
/global/cfs/cdirs/m314/nova2/data/nstx_141711/N9/egn09w.8950E+02,nstx_141711,9,9,201,101,9.460275360465642,-9.567382475843756e-08,scored,tae_like,0.9837548581330204,0.999993826902776,0.8166666666666667,0.7551649808883667,0.7859158237775167,good,gold_good,False,False,False,True,,
/global/cfs/cdirs/m314/nova2/data/nstx_141711/N9/egn09w.1010E+03,nstx_141711,9,9,201,101,10.05114201119289,-2.405417915085361e-07,scored,tae_like,0.9799253947765851,0.9998204875532827,0.98,0.9177377223968506,0.9488688611984253,good,gold_good,False,False,False,True,,
/global/cfs/cdirs/m314/nova2/data/nstx_141711/N9/egn09w.1110E+03,nstx_141711,9,9,201,101,10.537361192574629,-1.2472854677218897e-05,scored,tae_like,0.8043508474839255,0.995318102746063,0.8166666666666667,0.9103935956954956,0.8635301311810811,good,gold_good,False,False,False,True,,
/global/cfs/cdirs/m314/nova2/data/nstx_141711/N9/egn09w.1148E+03,nstx_141711,9,9,201,101,10.71451062098602,-1.674087515384629e-05,scored,tae_like,0.893193845087531,0.9954605858692464,0.6366666666666667,0.14221642911434174,0.3894415478905042,good,flagged_rf_only_good,True,False,True,True,,
/global/cfs/cdirs/m314/nova2/data/nstx_141711/N9/egn09w.1261E+03,nstx_141711,9,9,201,101,11.227618554385334,-3.1893472819212794e-07,scored,tae_like,0.9742039903376046,0.9997356579761311,0.95,0.9126890301704407,0.9313445150852203,good,gold_good,False,False,False,True,,
/global/cfs/cdirs/m314/nova2/data/nstx_141711/N9/egn09w.1394E+03,nstx_141711,9,9,201,101,11.806930271266769,-8.803675800811572e-08,scored,tae_like,0.9704177995196164,0.9998714137466749,0.97,0.923667311668396,0.946833655834198,good,gold_good,False,False,False,True,,
/global/cfs/cdirs/m314/nova2/data/nstx_141711/N9/egn09w.1554E+03,nstx_141711,9,9,201,101,12.467421086241801,-1.1026564147489674e-06,scored,mixed,0.6026687469227512,0.48644523328182315,0.02,1.9876735198481458e-32,0.01,bad,gold_bad,False,False,False,,,
/global/cfs/cdirs/m314/nova2/data/nstx_141711/N9/egn09w.1566E+03,nstx_141711,9,9,201,101,12.513029667443986,-3.620529109123327e-06,scored,tae_like,0.9320724150931969,0.9555278021256421,0.19,0.5953997373580933,0.3926998686790466,bad,flagged_borderline_or_disagreement,True,True,True,,,
/global/cfs/cdirs/m314/nova2/data/nstx_141711/N9/egn09w.1765E+03,nstx_141711,9,9,201,101,13.283858403988738,-1.2112437374141264e-06,scored,tae_like,0.9063543596815605,0.976768944382058,0.2,0.3066641688346863,0.2533320844173431,bad,silver_bad,False,False,False,,,
/global/cfs/cdirs/m314/nova2/data/nstx_141711/N9/egn09w.2105E+03,nstx_141711,9,9,201,101,14.508003358778675,-5.121163066476303e-06,scored,tae_like,0.8269866513882148,0.8912300458866123,0.2633333333333333,0.00014946938608773053,0.13174140135971052,bad,silver_bad,False,False,False,,,
/global/cfs/cdirs/m314/nova2/data/nstx_141711/N9/egn09w.2502E+03,nstx_141711,9,9,201,101,15.81800793399725,-6.39233753917578e-06,scored,tae_like,0.6306338313310992,0.8297140697847711,0.14333333333333334,6.16617762716487e-05,0.0716974975548025,bad,gold_bad,False,False,False,,,
/global/cfs/cdirs/m314/nova2/data/nstx_141711/N9/egn09w.2537E+03,nstx_141711,9,9,201,101,15.926435234719479,-1.6068429754544853e-05,scored,tae_like,0.4296622661653644,0.8903562132060917,0.10333333333333333,6.098508009699799e-08,0.051666697159206715,bad,gold_bad,False,False,False,,,
/global/cfs/cdirs/m314/nova2/data/nstx_141711/N9/egn09w.2606E+03,nstx_141711,9,9,201,101,16.144621031950734,-2.4386971177513074e-05,scored,mixed,0.19790929694246998,0.42124403165981333,0.06333333333333334,0.9080426692962646,0.485688001314799,bad,flagged_borderline_or_disagreement,True,False,True,,,
/global/cfs/cdirs/m314/nova2/data/nstx_141711/N10/egn10w.2033E+02,nstx_141711,10,10,201,101,4.509127630467696,-0.0018321527771693177,scored,tae_like,0.9969482301096346,1.0,0.1,1.4821545164522831e-06,0.05000074107725823,bad,gold_bad,False,False,False,,,
/global/cfs/cdirs/m314/nova2/data/nstx_141711/N10/egn10w.2171E+02,nstx_141711,10,10,201,101,4.6590962357924095,-0.0013027479106089764,scored,tae_like,0.9958934231907773,1.0,0.11666666666666667,0.0001534207258373499,0.05841004369625201,bad,gold_bad,False,False,False,,,
/global/cfs/cdirs/m314/nova2/data/nstx_141711/N10/egn10w.2475E+02,nstx_141711,10,10,201,101,4.974657455229957,-0.00016804070393001142,scored,tae_like,0.9951760610991324,1.0,0.05,0.014484992250800133,0.03224249612540007,bad,gold_bad,False,False,False,,,
/global/cfs/cdirs/m314/nova2/data/nstx_141711/N10/egn10w.2706E+02,nstx_141711,10,10,201,101,5.202036297511293,-2.7031855771374462e-06,scored,tae_like,0.9942319006438823,1.0,0.7433333333333333,0.09106644988059998,0.41719989160696663,good,flagged_rf_only_good,True,False,True,True,,
/global/cfs/cdirs/m314/nova2/data/nstx_141711/N10/egn10w.2824E+02,nstx_141711,10,10,201,101,5.314512486461011,-1.49965108794354e-05,scored,tae_like,0.9941326886504175,1.0,0.5933333333333334,0.4715636372566223,0.5324484852949778,good,flagged_rf_only_good,True,True,False,True,,
/global/cfs/cdirs/m314/nova2/data/nstx_141711/N10/egn10w.2988E+02,nstx_141711,10,10,201,101,5.4666474132664,-0.0001448574706962004,scored,tae_like,0.9861966548810117,1.0,0.29,2.47046818913077e-06,0.14500123523409456,bad,silver_bad,False,False,False,,,
/global/cfs/cdirs/m314/nova2/data/nstx_141711/N10/egn10w.3008E+02,nstx_141711,10,10,201,101,5.484769196817775,-2.9249925117838913e-06,scored,tae_like,0.9728733516790975,1.0,0.03666666666666667,6.202654983736159e-16,0.018333333333333642,bad,gold_bad,False,False,False,,,
/global/cfs/cdirs/m314/nova2/data/nstx_141711/N10/egn10w.3534E+02,nstx_141711,10,10,201,101,5.944733349839542,-1.5667177077170683e-05,scored,tae_like,0.9246977301961842,1.0,0.8466666666666667,0.6812210083007812,0.763943837483724,good,gold_good,False,False,False,True,,
/global/cfs/cdirs/m314/nova2/data/nstx_141711/N10/egn10w.3771E+02,nstx_141711,10,10,201,101,6.141100755530994,-4.872094477689123e-12,scored,tae_like,0.9780627145009514,1.0,0.9833333333333333,0.9302703738212585,0.956801853577296,good,gold_good,False,False,False,True,,
/global/cfs/cdirs/m314/nova2/data/nstx_141711/N10/egn10w.4012E+02,nstx_141711,10,10,201,101,6.334370631884697,-1.3505533058646497e-11,scored,tae_like,0.917978473083202,1.0,0.9533333333333334,0.9315951466560364,0.9424642399946849,good,gold_good,False,False,False,True,,
/global/cfs/cdirs/m314/nova2/data/nstx_141711/N10/egn10w.4285E+02,nstx_141711,10,10,201,101,6.545796367655014,-2.016023041314593e-14,scored,tae_like,0.9732699954250146,1.0,0.96,0.9259929656982422,0.9429964828491211,good,gold_good,False,False,False,True,,
/global/cfs/cdirs/m314/nova2/data/nstx_141711/N10/egn10w.4567E+02,nstx_141711,10,10,201,101,6.758258354752602,-3.8289590141457564e-14,scored,tae_like,0.9754335898057278,1.0,0.9933333333333333,0.9288665652275085,0.9610999492804209,good,gold_good,False,False,False,True,,
/global/cfs/cdirs/m314/nova2/data/nstx_141711/N10/egn10w.4978E+02,nstx_141711,10,10,201,101,7.055452943124128,-8.57202288255017e-14,scored,tae_like,0.9856627947506479,1.0,0.9833333333333333,0.9311450123786926,0.957239172856013,good,gold_good,False,False,False,True,,
/global/cfs/cdirs/m314/nova2/data/nstx_141711/N10/egn10w.5496E+02,nstx_141711,10,10,201,101,7.413173627345221,-3.4056637321735395e-14,scored,tae_like,0.988422743137014,1.0,0.95,0.8271371126174927,0.8885685563087463,good,gold_good,False,False,False,True,,
/global/cfs/cdirs/m314/nova2/data/nstx_141711/N10/egn10w.6177E+02,nstx_141711,10,10,201,101,7.8593912220950335,-3.565242546627072e-13,scored,tae_like,0.9888495490456004,0.9999992150006748,0.9966666666666667,0.9321494698524475,0.964408068259557,good,gold_good,False,False,False,True,,
/global/cfs/cdirs/m314/nova2/data/nstx_141711/N10/egn10w.6830E+02,nstx_141711,10,10,201,101,8.264445738708407,-1.4330965242375804e-10,scored,tae_like,0.988313992054279,0.9999999844362706,0.9966666666666667,0.9311801195144653,0.963923393090566,good,gold_good,False,False,False,True,,
/global/cfs/cdirs/m314/nova2/data/nstx_141711/N10/egn10w.7518E+02,nstx_141711,10,10,201,101,8.670538247822014,-8.274412101490073e-11,scored,tae_like,0.9868570090442458,0.9999999031861964,0.9966666666666667,0.9322929382324219,0.9644798024495442,good,gold_good,False,False,False,True,,
/global/cfs/cdirs/m314/nova2/data/nstx_141711/N10/egn10w.8537E+02,nstx_141711,10,10,201,101,9.23965144657344,-7.041986745601728e-09,scored,tae_like,0.9821888277962327,0.9999910837495274,0.9433333333333334,0.8953579068183899,0.9193456200758616,good,gold_good,False,False,False,True,,
/global/cfs/cdirs/m314/nova2/data/nstx_141711/N10/egn10w.9564E+02,nstx_141711,10,10,201,101,9.77942830036319,-1.0468213738164906e-07,scored,tae_like,0.9752472158392554,0.9953854832908421,0.8466666666666667,0.7324152588844299,0.7895409627755483,good,gold_good,False,False,False,True,,
/global/cfs/cdirs/m314/nova2/data/nstx_141711/N10/egn10w.1146E+03,nstx_141711,10,10,201,101,10.70670991260984,-6.291141556894699e-06,scored,tae_like,0.8713026057900803,0.9551771197910705,0.3933333333333333,1.0010065125243273e-05,0.19667167169922928,bad,silver_bad,False,False,False,,,
/global/cfs/cdirs/m314/nova2/data/nstx_141711/N10/egn10w.1341E+03,nstx_141711,10,10,201,101,11.578196927726799,-5.71217084007568e-07,scored,tae_like,0.9578535904024302,0.9991542883409292,0.5733333333333334,0.8215872645378113,0.6974602989355723,good,silver_good,False,True,False,True,,
/global/cfs/cdirs/m314/nova2/data/nstx_141711/N10/egn10w.1470E+03,nstx_141711,10,10,201,101,12.12349468032584,-2.810474880285929e-07,scored,tae_like,0.956844776763751,0.9996747460358173,0.5166666666666667,0.8550084233283997,0.6858375449975331,good,silver_good,False,True,False,True,,
/global/cfs/cdirs/m314/nova2/data/nstx_141711/N10/egn10w.1636E+03,nstx_141711,10,10,201,101,12.789544137150125,-6.321042454708889e-06,scored,tae_like,0.9246447131455552,0.9570278567989635,0.17,0.0009407497709617019,0.08547037488548086,bad,gold_bad,False,False,False,,,
/global/cfs/cdirs/m314/nova2/data/nstx_141711/N10/egn10w.1644E+03,nstx_141711,10,10,201,101,12.822910743296763,2.378466661515024e-07,scored,tae_like,0.17300606763577797,0.5674194475230885,0.04666666666666667,0.0,0.023333333333333334,bad,gold_bad,False,False,False,,,
/global/cfs/cdirs/m314/nova2/data/nstx_141711/N10/egn10w.1673E+03,nstx_141711,10,10,201,101,12.932968543502385,-2.8893923263035825e-09,scored,tae_like,0.9244704981369816,0.9870286798028085,0.13,0.0,0.065,bad,gold_bad,False,False,False,,,
/global/cfs/cdirs/m314/nova2/data/nstx_141711/N10/egn10w.1679E+03,nstx_141711,10,10,201,101,12.958113945088186,-4.003856162487741e-09,scored,mixed,-0.02523535522202624,0.49904104180802694,0.03333333333333333,0.0,0.016666666666666666,bad,gold_bad,False,False,False,,,
/global/cfs/cdirs/m314/nova2/data/nstx_141711/N10/egn10w.1700E+03,nstx_141711,10,10,201,101,13.03920204347473,-3.7163376341871643e-09,scored,tae_like,0.8582019028604388,0.9582965471740095,0.16,0.0,0.08,bad,gold_bad,False,False,False,,,
/global/cfs/cdirs/m314/nova2/data/nstx_141711/N10/egn10w.1713E+03,nstx_141711,10,10,201,101,13.087262215286538,-2.6631471288666104e-09,scored,tae_like,0.09433156565444252,0.6869019397323886,0.03,0.0,0.015,bad,gold_bad,False,False,False,,,
/global/cfs/cdirs/m314/nova2/data/nstx_141711/N10/egn10w.1723E+03,nstx_141711,10,10,201,101,13.126602084761565,1.3065646169639073e-08,scored,tae_like,0.40760869640121417,0.7838553460351129,0.043333333333333335,0.0,0.021666666666666667,bad,gold_bad,False,False,False,,,
/global/cfs/cdirs/m314/nova2/data/nstx_141711/N10/egn10w.1822E+03,nstx_141711,10,10,201,101,13.497762947682727,-1.1944426560235343e-05,scored,mixed,0.5155951099618027,0.46497063705365205,0.06,4.28382535607591e-13,0.03000000000021419,bad,gold_bad,False,False,False,,,
/global/cfs/cdirs/m314/nova2/data/nstx_141711/N10/egn10w.1828E+03,nstx_141711,10,10,201,101,13.518748791125267,-3.718014733742479e-05,scored,mixed,0.3642913603134004,0.295459332272727,0.15333333333333332,0.0016834938433021307,0.07750841358831773,bad,gold_bad,False,False,False,,,
/global/cfs/cdirs/m314/nova2/data/nstx_141711/N10/egn10w.2039E+03,nstx_141711,10,10,201,101,14.279132319285605,-8.778878539248508e-08,scored,mixed,-0.48561583126865027,0.48782582289633225,0.016666666666666666,0.0,0.008333333333333333,bad,gold_bad,False,False,False,,,
/global/cfs/cdirs/m314/nova2/data/nstx_141711/N10/egn10w.2160E+03,nstx_141711,10,10,201,101,14.696050997820999,-3.5708723130139883e-10,scored,tae_like,0.2173958734243195,0.7523522056219615,0.05,0.0,0.025,bad,gold_bad,False,False,False,,,
/global/cfs/cdirs/m314/nova2/data/nstx_141711/N10/egn10w.2186E+03,nstx_141711,10,10,201,101,14.783615766749651,-5.662743288832625e-10,scored,mixed,-0.46528191826727244,0.4450278023168406,0.03,0.0,0.015,bad,gold_bad,False,False,False,,,
/global/cfs/cdirs/m314/nova2/data/nstx_141711/N10/egn10w.2189E+03,nstx_141711,10,10,201,101,14.795589268615007,-8.596265216110211e-10,scored,tae_like,-0.40667269696492914,0.5486038805515403,0.013333333333333334,0.0,0.006666666666666667,bad,gold_bad,False,False,False,,,
/global/cfs/cdirs/m314/nova2/data/nstx_141711/N10/egn10w.2337E+03,nstx_141711,10,10,201,101,15.28563709927107,-0.00013471791856982108,scored,tae_like,0.6483164871132502,0.9040853852005646,0.14666666666666667,1.0209070751443505e-05,0.07333843786870906,bad,gold_bad,False,False,False,,,
/global/cfs/cdirs/m314/nova2/data/nstx_141711/N10/egn10w.2383E+03,nstx_141711,10,10,201,101,15.436883921442229,-7.062243904518791e-06,scored,tae_like,0.6129723389560604,0.969173471365311,0.12,1.4568826372851618e-05,0.060007284413186424,bad,gold_bad,False,False,False,,,
/global/cfs/cdirs/m314/nova2/data/nstx_141711/N10/egn10w.2415E+03,nstx_141711,10,10,201,101,15.540933031507336,-2.4791017525206784e-05,scored,tae_like,0.5249692531016132,0.9488745212809699,0.09,9.498243302985543e-10,0.045000000474912163,bad,gold_bad,False,False,False,,,
/global/cfs/cdirs/m314/nova2/data/nstx_141711/N10/egn10w.2424E+03,nstx_141711,10,10,201,101,15.568485550847221,-1.4655220053829284e-05,scored,tae_like,0.5510775653961617,0.9679660178377032,0.06666666666666667,3.29631507189606e-17,0.03333333333333335,bad,gold_bad,False,False,False,,,
/global/cfs/cdirs/m314/nova2/data/nstx_141711/N10/egn10w.2601E+03,nstx_141711,10,10,201,101,16.127645725047817,-8.798347532463266e-06,scored,mixed,0.1547113074497688,0.4269858536685829,0.10333333333333333,7.060559437377378e-05,0.05170196946385355,bad,gold_bad,False,False,False,,,
/global/cfs/cdirs/m314/nova2/data/nstx_141711/N10/egn10w.2703E+03,nstx_141711,10,10,201,101,16.440354858005435,-4.999211554013339e-05,scored,tae_like,0.668063362404958,0.958498532283733,0.09333333333333334,8.238814189098775e-06,0.04667078607376122,bad,gold_bad,False,False,False,,,
