path,true_label,rf_label,cnn_label,combined_policy_label,p_rf_good,p_cnn_good,p_avg,tier,is_flagged,selected_final
/global/cfs/cdirs/m314/nova2/data/nstxuG121123K51/N1/egn01w.2561E+02,bad,bad,bad,bad,0.0,0.0,0.0,gold_bad,False,
/global/cfs/cdirs/m314/nova2/data/nstxuG121123K51/N1/egn01w.2581E+02,bad,bad,bad,bad,0.0,0.0,0.0,gold_bad,False,
/global/cfs/cdirs/m314/nova2/data/nstxuG121123K51/N1/egn01w.2933E+02,bad,bad,bad,bad,0.006666666666666667,0.0,0.0033333333333333335,gold_bad,False,
/global/cfs/cdirs/m314/nova2/data/nstxuG121123K51/N1/egn01w.3313E+02,bad,bad,bad,bad,0.05,0.0,0.025,gold_bad,False,
/global/cfs/cdirs/m314/nova2/data/nstxuG121123K51/N1/egn01w.3366E+02,bad,bad,bad,bad,0.006666666666666667,0.0,0.0033333333333333335,gold_bad,False,
/global/cfs/cdirs/m314/nova2/data/nstxuG121123K51/N1/egn01w.3413E+02,bad,bad,bad,bad,0.0033333333333333335,0.0,0.0016666666666666668,gold_bad,False,
/global/cfs/cdirs/m314/nova2/data/nstxuG121123K51/N1/egn01w.3567E+02,bad,bad,bad,bad,0.0,0.0,0.0,gold_bad,False,
/global/cfs/cdirs/m314/nova2/data/nstxuG121123K51/N1/egn01w.3586E+02,bad,bad,bad,bad,0.016666666666666666,5.267148382520887e-27,0.008333333333333333,gold_bad,False,
/global/cfs/cdirs/m314/nova2/data/nstxuG121123K51/N1/egn01w.3647E+02,bad,bad,bad,bad,0.0,0.0,0.0,gold_bad,False,
/global/cfs/cdirs/m314/nova2/data/nstxuG121123K51/N1/egn01w.4174E+02,bad,bad,bad,bad,0.0033333333333333335,0.0,0.0016666666666666668,gold_bad,False,
/global/cfs/cdirs/m314/nova2/data/nstxuG121123K51/N1/egn01w.4555E+02,bad,bad,bad,bad,0.01,0.0,0.005,gold_bad,False,
/global/cfs/cdirs/m314/nova2/data/nstxuG121123K51/N1/egn01w.4712E+02,bad,bad,bad,bad,0.05,0.0,0.025,gold_bad,False,
/global/cfs/cdirs/m314/nova2/data/nstxuG121123K51/N1/egn01w.4909E+02,bad,bad,bad,bad,0.0033333333333333335,0.0,0.0016666666666666668,gold_bad,False,
/global/cfs/cdirs/m314/nova2/data/nstxuG121123K51/N1/egn01w.5393E+02,bad,bad,bad,bad,0.02,0.0,0.01,gold_bad,False,
/global/cfs/cdirs/m314/nova2/data/nstxuG121123K51/N2/egn02w.1926E+02,bad,bad,bad,bad,0.0,0.0,0.0,gold_bad,False,
/global/cfs/cdirs/m314/nova2/data/nstxuG121123K51/N3/egn03w.1010E+02,bad,bad,bad,bad,0.08333333333333333,1.567186700931536e-33,0.041666666666666664,gold_bad,False,
/global/cfs/cdirs/m314/nova2/data/nstxuG121123K51/N3/egn03w.1067E+02,bad,bad,bad,bad,0.11333333333333333,0.0,0.056666666666666664,gold_bad,False,
/global/cfs/cdirs/m314/nova2/data/nstxuG121123K51/N3/egn03w.1182E+02,bad,bad,bad,bad,0.03,0.0,0.015,gold_bad,False,
/global/cfs/cdirs/m314/nova2/data/nstxuG121123K51/N3/egn03w.1521E+02,bad,bad,bad,bad,0.03333333333333333,0.0,0.016666666666666666,gold_bad,False,
/global/cfs/cdirs/m314/nova2/data/nstxuG121123K51/N3/egn03w.2596E+02,bad,bad,bad,bad,0.0,0.0,0.0,gold_bad,False,
/global/cfs/cdirs/m314/nova2/data/nstxuG121123K51/N3/egn03w.3531E+02,bad,bad,bad,bad,0.0033333333333333335,0.0,0.0016666666666666668,gold_bad,False,
/global/cfs/cdirs/m314/nova2/data/nstxuG121123K51/N3/egn03w.3607E+02,bad,bad,bad,bad,0.04666666666666667,0.0,0.023333333333333334,gold_bad,False,
/global/cfs/cdirs/m314/nova2/data/nstxuG121123K51/N3/egn03w.3834E+02,bad,bad,bad,bad,0.023333333333333334,2.3940886545357795e-27,0.011666666666666667,gold_bad,False,
/global/cfs/cdirs/m314/nova2/data/nstxuG121123K51/N3/egn03w.4634E+02,bad,bad,bad,bad,0.39,0.3052428066730499,0.34762140333652497,silver_bad,False,
/global/cfs/cdirs/m314/nova2/data/nstxuG121123K51/N3/egn03w.9328E+01,bad,bad,bad,bad,0.02,0.0,0.01,gold_bad,False,
/global/cfs/cdirs/m314/nova2/data/nstxuG121123K51/N4/egn04w.1017E+02,bad,bad,bad,bad,0.03333333333333333,1.9726337230352442e-10,0.016666666765298353,gold_bad,False,
/global/cfs/cdirs/m314/nova2/data/nstxuG121123K51/N4/egn04w.1130E+02,bad,bad,bad,bad,0.023333333333333334,0.0,0.011666666666666667,gold_bad,False,
/global/cfs/cdirs/m314/nova2/data/nstxuG121123K51/N4/egn04w.1185E+02,bad,bad,bad,bad,0.15,0.0,0.075,gold_bad,False,
/global/cfs/cdirs/m314/nova2/data/nstxuG121123K51/N4/egn04w.1214E+02,bad,bad,bad,bad,0.09666666666666666,1.5374554407365792e-10,0.048333333410206104,gold_bad,False,
/global/cfs/cdirs/m314/nova2/data/nstxuG121123K51/N4/egn04w.1254E+02,bad,bad,bad,bad,0.006666666666666667,0.0,0.0033333333333333335,gold_bad,False,
/global/cfs/cdirs/m314/nova2/data/nstxuG121123K51/N4/egn04w.1463E+02,bad,bad,bad,bad,0.06333333333333334,9.569011522430605e-22,0.03166666666666667,gold_bad,False,
/global/cfs/cdirs/m314/nova2/data/nstxuG121123K51/N4/egn04w.1533E+02,bad,bad,bad,bad,0.0033333333333333335,0.0,0.0016666666666666668,gold_bad,False,
/global/cfs/cdirs/m314/nova2/data/nstxuG121123K51/N4/egn04w.1846E+02,bad,bad,bad,bad,0.41333333333333333,1.6095443174322725e-32,0.20666666666666667,flagged_borderline_or_disagreement,True,
/global/cfs/cdirs/m314/nova2/data/nstxuG121123K51/N4/egn04w.1926E+02,bad,bad,bad,bad,0.20666666666666667,0.0,0.10333333333333333,silver_bad,False,
/global/cfs/cdirs/m314/nova2/data/nstxuG121123K51/N4/egn04w.2541E+02,bad,bad,bad,bad,0.03,1.4838875961320497e-10,0.01500000007419438,gold_bad,False,
/global/cfs/cdirs/m314/nova2/data/nstxuG121123K51/N4/egn04w.3670E+02,bad,bad,bad,bad,0.013333333333333334,0.0,0.006666666666666667,gold_bad,False,
/global/cfs/cdirs/m314/nova2/data/nstxuG121123K51/N4/egn04w.3848E+02,bad,bad,bad,bad,0.023333333333333334,0.0,0.011666666666666667,gold_bad,False,
/global/cfs/cdirs/m314/nova2/data/nstxuG121123K51/N4/egn04w.5443E+02,bad,bad,bad,bad,0.22333333333333333,4.9184660846233666e-26,0.11166666666666666,silver_bad,False,
/global/cfs/cdirs/m314/nova2/data/nstxuG121123K51/N4/egn04w.5480E+02,bad,bad,bad,bad,0.19333333333333333,7.052074545581021e-18,0.09666666666666666,gold_bad,False,
/global/cfs/cdirs/m314/nova2/data/nstxuG121123K51/N5/egn05w.1061E+02,bad,bad,bad,bad,0.06,0.0,0.03,gold_bad,False,
/global/cfs/cdirs/m314/nova2/data/nstxuG121123K51/N5/egn05w.1067E+02,bad,bad,bad,bad,0.08333333333333333,7.290038297469437e-07,0.04166703116858154,gold_bad,False,
/global/cfs/cdirs/m314/nova2/data/nstxuG121123K51/N5/egn05w.1283E+02,bad,bad,bad,bad,0.23,1.7271377358286395e-25,0.115,silver_bad,False,
/global/cfs/cdirs/m314/nova2/data/nstxuG121123K51/N5/egn05w.1292E+02,bad,bad,bad,bad,0.03,0.0,0.015,gold_bad,False,
/global/cfs/cdirs/m314/nova2/data/nstxuG121123K51/N5/egn05w.1505E+02,bad,bad,bad,bad,0.0,0.0,0.0,gold_bad,False,
/global/cfs/cdirs/m314/nova2/data/nstxuG121123K51/N5/egn05w.1593E+02,bad,bad,bad,bad,0.1,2.1476179504903405e-21,0.05,gold_bad,False,
/global/cfs/cdirs/m314/nova2/data/nstxuG121123K51/N5/egn05w.1811E+02,bad,bad,bad,bad,0.0033333333333333335,1.17446936855625e-22,0.0016666666666666668,gold_bad,False,
/global/cfs/cdirs/m314/nova2/data/nstxuG121123K51/N5/egn05w.1837E+02,bad,bad,bad,bad,0.07,0.0,0.035,gold_bad,False,
/global/cfs/cdirs/m314/nova2/data/nstxuG121123K51/N5/egn05w.1970E+02,bad,bad,bad,bad,0.11,2.0064183647861e-09,0.05500000100320918,gold_bad,False,
/global/cfs/cdirs/m314/nova2/data/nstxuG121123K51/N5/egn05w.2108E+02,bad,bad,bad,bad,0.4533333333333333,7.227129827924728e-08,0.2266667028023158,flagged_borderline_or_disagreement,True,
/global/cfs/cdirs/m314/nova2/data/nstxuG121123K51/N5/egn05w.2288E+02,bad,bad,good,bad,0.41,0.7441377639770508,0.5770688819885254,flagged_borderline_or_disagreement,True,
/global/cfs/cdirs/m314/nova2/data/nstxuG121123K51/N5/egn05w.2575E+02,bad,bad,bad,bad,0.16666666666666666,1.038661157082288e-09,0.08333333385266391,gold_bad,False,
/global/cfs/cdirs/m314/nova2/data/nstxuG121123K51/N5/egn05w.3773E+02,bad,bad,bad,bad,0.03,0.0,0.015,gold_bad,False,
/global/cfs/cdirs/m314/nova2/data/nstxuG121123K51/N5/egn05w.3783E+02,bad,bad,bad,bad,0.04,1.2866947091128011e-12,0.020000000000643347,gold_bad,False,
/global/cfs/cdirs/m314/nova2/data/nstxuG121123K51/N5/egn05w.3862E+02,bad,bad,bad,bad,0.02666666666666667,1.249268429589362e-13,0.013333333333395798,gold_bad,False,
/global/cfs/cdirs/m314/nova2/data/nstxuG121123K51/N5/egn05w.3916E+02,bad,bad,bad,bad,0.0033333333333333335,2.202945218316604e-37,0.0016666666666666668,gold_bad,False,
/global/cfs/cdirs/m314/nova2/data/nstxuG121123K51/N5/egn05w.5190E+02,bad,bad,bad,bad,0.12333333333333334,6.776160619970454e-29,0.06166666666666667,gold_bad,False,
/global/cfs/cdirs/m314/nova2/data/nstxuG121123K51/N5/egn05w.5225E+02,bad,bad,bad,bad,0.07,0.0,0.035,gold_bad,False,
/global/cfs/cdirs/m314/nova2/data/nstxuG121123K51/N5/egn05w.5581E+02,bad,bad,bad,bad,0.07333333333333333,0.0,0.03666666666666667,gold_bad,False,
/global/cfs/cdirs/m314/nova2/data/nstxuG121123K51/N5/egn05w.9037E+01,bad,bad,bad,bad,0.08666666666666667,2.810018775442938e-31,0.043333333333333335,gold_bad,False,
/global/cfs/cdirs/m314/nova2/data/nstxuG121123K51/N6/egn06w.1042E+02,bad,bad,bad,bad,0.0033333333333333335,8.415930899087964e-16,0.0016666666666670877,gold_bad,False,
/global/cfs/cdirs/m314/nova2/data/nstxuG121123K51/N6/egn06w.1191E+02,bad,bad,bad,bad,0.04666666666666667,1.1597417772178807e-22,0.023333333333333334,gold_bad,False,
/global/cfs/cdirs/m314/nova2/data/nstxuG121123K51/N6/egn06w.1242E+02,bad,bad,bad,bad,0.043333333333333335,9.17488702163358e-20,0.021666666666666667,gold_bad,False,
/global/cfs/cdirs/m314/nova2/data/nstxuG121123K51/N6/egn06w.1301E+02,bad,bad,bad,bad,0.09,7.925053997981518e-17,0.04500000000000004,gold_bad,False,
/global/cfs/cdirs/m314/nova2/data/nstxuG121123K51/N6/egn06w.1347E+02,bad,bad,bad,bad,0.24,4.240861532314688e-31,0.12,silver_bad,False,
/global/cfs/cdirs/m314/nova2/data/nstxuG121123K51/N6/egn06w.1548E+02,bad,bad,bad,bad,0.13333333333333333,1.1228371704641305e-10,0.06666666672280852,gold_bad,False,
/global/cfs/cdirs/m314/nova2/data/nstxuG121123K51/N6/egn06w.1702E+02,bad,bad,bad,bad,0.013333333333333334,0.0,0.006666666666666667,gold_bad,False,
/global/cfs/cdirs/m314/nova2/data/nstxuG121123K51/N6/egn06w.1824E+02,bad,bad,bad,bad,0.11,9.359905561723281e-07,0.055000467995278086,gold_bad,False,
/global/cfs/cdirs/m314/nova2/data/nstxuG121123K51/N6/egn06w.1986E+02,bad,bad,bad,bad,0.33666666666666667,1.3260192943675975e-10,0.1683333333996343,silver_bad,False,
/global/cfs/cdirs/m314/nova2/data/nstxuG121123K51/N6/egn06w.2106E+02,bad,bad,bad,bad,0.043333333333333335,0.0,0.021666666666666667,gold_bad,False,
/global/cfs/cdirs/m314/nova2/data/nstxuG121123K51/N6/egn06w.2113E+02,bad,bad,bad,bad,0.24333333333333335,6.07029697846913e-19,0.12166666666666667,silver_bad,False,
/global/cfs/cdirs/m314/nova2/data/nstxuG121123K51/N6/egn06w.3144E+02,bad,bad,good,bad,0.25666666666666665,1.0,0.6283333333333333,flagged_borderline_or_disagreement,True,
/global/cfs/cdirs/m314/nova2/data/nstxuG121123K51/N6/egn06w.4294E+02,bad,bad,bad,bad,0.24333333333333335,0.0,0.12166666666666667,silver_bad,False,
/global/cfs/cdirs/m314/nova2/data/nstxuG121123K51/N6/egn06w.4408E+02,bad,bad,bad,bad,0.09,0.0,0.045,gold_bad,False,
/global/cfs/cdirs/m314/nova2/data/nstxuG121123K51/N6/egn06w.4492E+02,bad,bad,bad,bad,0.0,1.97123213635464e-35,9.8561606817732e-36,gold_bad,False,
/global/cfs/cdirs/m314/nova2/data/nstxuG121123K51/N6/egn06w.4568E+02,bad,bad,bad,bad,0.02,5.697058610424484e-19,0.01,gold_bad,False,
/global/cfs/cdirs/m314/nova2/data/nstxuG121123K51/N6/egn06w.4656E+02,bad,bad,bad,bad,0.0033333333333333335,0.0,0.0016666666666666668,gold_bad,False,
/global/cfs/cdirs/m314/nova2/data/nstxuG121123K51/N6/egn06w.5237E+02,bad,bad,bad,bad,0.07,0.0,0.035,gold_bad,False,
/global/cfs/cdirs/m314/nova2/data/nstxuG121123K51/N6/egn06w.5479E+02,bad,bad,bad,bad,0.06,0.0,0.03,gold_bad,False,
/global/cfs/cdirs/m314/nova2/data/nstxuG121123K51/N6/egn06w.5530E+02,bad,bad,bad,bad,0.056666666666666664,0.0,0.028333333333333332,gold_bad,False,
/global/cfs/cdirs/m314/nova2/data/nstxuG121123K51/N6/egn06w.5561E+02,bad,bad,bad,bad,0.10666666666666667,0.0,0.05333333333333334,gold_bad,False,
/global/cfs/cdirs/m314/nova2/data/nstxuG121123K51/N7/egn07w.1181E+02,bad,bad,bad,bad,0.016666666666666666,3.0870195288912328e-09,0.008333334876843098,gold_bad,False,
/global/cfs/cdirs/m314/nova2/data/nstxuG121123K51/N7/egn07w.1211E+02,bad,bad,bad,bad,0.04666666666666667,7.83994272097587e-21,0.023333333333333334,gold_bad,False,
/global/cfs/cdirs/m314/nova2/data/nstxuG121123K51/N7/egn07w.1323E+02,bad,bad,bad,bad,0.08333333333333333,2.1213497153835967e-22,0.041666666666666664,gold_bad,False,
/global/cfs/cdirs/m314/nova2/data/nstxuG121123K51/N7/egn07w.1360E+02,bad,bad,bad,bad,0.10333333333333333,1.5448163087514186e-32,0.051666666666666666,gold_bad,False,
/global/cfs/cdirs/m314/nova2/data/nstxuG121123K51/N7/egn07w.1416E+02,bad,bad,bad,bad,0.09666666666666666,0.0,0.04833333333333333,gold_bad,False,
/global/cfs/cdirs/m314/nova2/data/nstxuG121123K51/N7/egn07w.1494E+02,bad,bad,bad,bad,0.06,5.637040516987511e-14,0.030000000000028185,gold_bad,False,
/global/cfs/cdirs/m314/nova2/data/nstxuG121123K51/N7/egn07w.1599E+02,bad,bad,bad,bad,0.03666666666666667,2.1115623260211287e-24,0.018333333333333333,gold_bad,False,
/global/cfs/cdirs/m314/nova2/data/nstxuG121123K51/N7/egn07w.1729E+02,bad,bad,bad,bad,0.18333333333333332,1.3287868237540627e-17,0.09166666666666666,gold_bad,False,
/global/cfs/cdirs/m314/nova2/data/nstxuG121123K51/N7/egn07w.1931E+02,bad,bad,bad,bad,0.0,5.813490708307909e-38,2.9067453541539547e-38,gold_bad,False,
/global/cfs/cdirs/m314/nova2/data/nstxuG121123K51/N7/egn07w.1936E+02,bad,bad,bad,bad,0.03,1.4311012337808325e-15,0.015000000000000714,gold_bad,False,
/global/cfs/cdirs/m314/nova2/data/nstxuG121123K51/N7/egn07w.2051E+02,bad,good,bad,good,0.5,8.177540439646691e-05,0.25004088770219823,flagged_rf_only_good,True,True
/global/cfs/cdirs/m314/nova2/data/nstxuG121123K51/N7/egn07w.2206E+02,bad,bad,bad,bad,0.4533333333333333,5.1909636311631147e-11,0.22666666669262148,flagged_borderline_or_disagreement,True,
/global/cfs/cdirs/m314/nova2/data/nstxuG121123K51/N7/egn07w.2619E+02,good,good,good,good,0.72,0.8806463479995728,0.8003231739997864,gold_good,False,True
/global/cfs/cdirs/m314/nova2/data/nstxuG121123K51/N7/egn07w.2775E+02,bad,bad,bad,bad,0.3333333333333333,2.934762278528069e-06,0.16666813404780592,silver_bad,False,
/global/cfs/cdirs/m314/nova2/data/nstxuG121123K51/N7/egn07w.3309E+02,bad,bad,bad,bad,0.006666666666666667,0.0,0.0033333333333333335,gold_bad,False,
/global/cfs/cdirs/m314/nova2/data/nstxuG121123K51/N7/egn07w.3313E+02,bad,bad,bad,bad,0.0033333333333333335,0.0,0.0016666666666666668,gold_bad,False,
/global/cfs/cdirs/m314/nova2/data/nstxuG121123K51/N7/egn07w.3517E+02,bad,bad,bad,bad,0.22333333333333333,8.158547757375345e-07,0.11166707459405453,silver_bad,False,
/global/cfs/cdirs/m314/nova2/data/nstxuG121123K51/N7/egn07w.3672E+02,bad,bad,bad,bad,0.013333333333333334,0.0,0.006666666666666667,gold_bad,False,
/global/cfs/cdirs/m314/nova2/data/nstxuG121123K51/N7/egn07w.3778E+02,bad,bad,bad,bad,0.04666666666666667,0.0,0.023333333333333334,gold_bad,False,
/global/cfs/cdirs/m314/nova2/data/nstxuG121123K51/N7/egn07w.3900E+02,bad,bad,bad,bad,0.0,0.0,0.0,gold_bad,False,
/global/cfs/cdirs/m314/nova2/data/nstxuG121123K51/N7/egn07w.3973E+02,bad,bad,bad,bad,0.08666666666666667,0.0,0.043333333333333335,gold_bad,False,
/global/cfs/cdirs/m314/nova2/data/nstxuG121123K51/N7/egn07w.4705E+02,good,bad,bad,bad,0.36666666666666664,1.7914754885694292e-35,0.18333333333333332,silver_bad,False,
/global/cfs/cdirs/m314/nova2/data/nstxuG121123K51/N7/egn07w.4722E+02,bad,bad,bad,bad,0.20666666666666667,0.0,0.10333333333333333,silver_bad,False,
/global/cfs/cdirs/m314/nova2/data/nstxuG121123K51/N7/egn07w.4741E+02,good,bad,bad,bad,0.12666666666666668,0.0,0.06333333333333334,gold_bad,False,
/global/cfs/cdirs/m314/nova2/data/nstxuG121123K51/N7/egn07w.5009E+02,bad,bad,good,good,0.41333333333333333,0.9999922513961792,0.7066627923647563,flagged_cnn_rescue,True,True
/global/cfs/cdirs/m314/nova2/data/nstxuG121123K51/N7/egn07w.5153E+02,bad,bad,bad,bad,0.42,1.0557724941691327e-13,0.21000000000005278,flagged_borderline_or_disagreement,True,
/global/cfs/cdirs/m314/nova2/data/nstxuG121123K51/N7/egn07w.5245E+02,bad,bad,bad,bad,0.18,0.0,0.09,gold_bad,False,
/global/cfs/cdirs/m314/nova2/data/nstxuG121123K51/N7/egn07w.5276E+02,bad,bad,bad,bad,0.06,0.0,0.03,gold_bad,False,
/global/cfs/cdirs/m314/nova2/data/nstxuG121123K51/N7/egn07w.5585E+02,bad,bad,bad,bad,0.13,0.0,0.065,gold_bad,False,
/global/cfs/cdirs/m314/nova2/data/nstxuG121123K51/N8/egn08w.1204E+02,bad,bad,bad,bad,0.013333333333333334,9.755741136804885e-13,0.006666666667154454,gold_bad,False,
/global/cfs/cdirs/m314/nova2/data/nstxuG121123K51/N8/egn08w.1235E+02,bad,bad,bad,bad,0.04666666666666667,9.970152958435619e-13,0.023333333333831842,gold_bad,False,
/global/cfs/cdirs/m314/nova2/data/nstxuG121123K51/N8/egn08w.1270E+02,bad,bad,bad,bad,0.14666666666666667,3.4623046096804444e-10,0.07333333350644856,gold_bad,False,
/global/cfs/cdirs/m314/nova2/data/nstxuG121123K51/N8/egn08w.1288E+02,bad,bad,bad,bad,0.06666666666666667,0.0,0.03333333333333333,gold_bad,False,
/global/cfs/cdirs/m314/nova2/data/nstxuG121123K51/N8/egn08w.1314E+02,bad,bad,bad,bad,0.03333333333333333,2.7632689949181113e-23,0.016666666666666666,gold_bad,False,
/global/cfs/cdirs/m314/nova2/data/nstxuG121123K51/N8/egn08w.1351E+02,bad,bad,bad,bad,0.08666666666666667,3.495855097376314e-25,0.043333333333333335,gold_bad,False,
/global/cfs/cdirs/m314/nova2/data/nstxuG121123K51/N8/egn08w.1453E+02,bad,bad,bad,bad,0.27,3.302294219910691e-24,0.135,silver_bad,False,
/global/cfs/cdirs/m314/nova2/data/nstxuG121123K51/N8/egn08w.1525E+02,bad,bad,bad,bad,0.12333333333333334,4.2842015742297623e-13,0.06166666666688088,gold_bad,False,
/global/cfs/cdirs/m314/nova2/data/nstxuG121123K51/N8/egn08w.1736E+02,bad,bad,bad,bad,0.13,5.526306592127703e-35,0.065,gold_bad,False,
/global/cfs/cdirs/m314/nova2/data/nstxuG121123K51/N8/egn08w.1890E+02,bad,bad,bad,bad,0.013333333333333334,0.0,0.006666666666666667,gold_bad,False,
/global/cfs/cdirs/m314/nova2/data/nstxuG121123K51/N8/egn08w.2186E+02,bad,bad,bad,bad,0.36333333333333334,8.176509709301172e-07,0.18166707549215214,silver_bad,False,
/global/cfs/cdirs/m314/nova2/data/nstxuG121123K51/N8/egn08w.2347E+02,good,good,good,good,0.6366666666666667,0.9999922513961792,0.818329459031423,silver_good,False,True
/global/cfs/cdirs/m314/nova2/data/nstxuG121123K51/N8/egn08w.2418E+02,bad,bad,bad,bad,0.49666666666666665,0.0,0.24833333333333332,flagged_borderline_or_disagreement,True,
/global/cfs/cdirs/m314/nova2/data/nstxuG121123K51/N8/egn08w.2954E+02,bad,good,bad,good,0.5633333333333334,4.816487174917096e-14,0.28166666666669077,flagged_rf_only_good,True,True
/global/cfs/cdirs/m314/nova2/data/nstxuG121123K51/N8/egn08w.3077E+02,bad,bad,bad,bad,0.006666666666666667,0.0,0.0033333333333333335,gold_bad,False,
/global/cfs/cdirs/m314/nova2/data/nstxuG121123K51/N8/egn08w.3108E+02,bad,bad,bad,bad,0.0,0.0,0.0,gold_bad,False,
/global/cfs/cdirs/m314/nova2/data/nstxuG121123K51/N8/egn08w.3128E+02,bad,bad,bad,bad,0.0033333333333333335,0.0,0.0016666666666666668,gold_bad,False,
/global/cfs/cdirs/m314/nova2/data/nstxuG121123K51/N8/egn08w.3247E+02,bad,bad,bad,bad,0.0,0.0,0.0,gold_bad,False,
/global/cfs/cdirs/m314/nova2/data/nstxuG121123K51/N8/egn08w.3640E+02,bad,bad,bad,bad,0.013333333333333334,4.8051494174759943e-35,0.006666666666666667,gold_bad,False,
/global/cfs/cdirs/m314/nova2/data/nstxuG121123K51/N8/egn08w.3665E+02,bad,bad,bad,bad,0.02,0.0,0.01,gold_bad,False,
/global/cfs/cdirs/m314/nova2/data/nstxuG121123K51/N8/egn08w.3943E+02,good,good,good,good,0.8266666666666667,1.0,0.9133333333333333,gold_good,False,True
/global/cfs/cdirs/m314/nova2/data/nstxuG121123K51/N8/egn08w.4144E+02,bad,bad,bad,bad,0.0,0.0,0.0,gold_bad,False,
/global/cfs/cdirs/m314/nova2/data/nstxuG121123K51/N8/egn08w.4603E+02,good,good,bad,good,0.73,1.1088643958601097e-07,0.3650000554432198,flagged_rf_only_good,True,True
/global/cfs/cdirs/m314/nova2/data/nstxuG121123K51/N8/egn08w.4689E+02,good,good,bad,good,0.6666666666666666,7.489375811800796e-29,0.3333333333333333,flagged_rf_only_good,True,True
/global/cfs/cdirs/m314/nova2/data/nstxuG121123K51/N8/egn08w.4746E+02,good,bad,bad,bad,0.4666666666666667,0.0,0.23333333333333334,flagged_borderline_or_disagreement,True,
/global/cfs/cdirs/m314/nova2/data/nstxuG121123K51/N8/egn08w.4784E+02,good,bad,bad,bad,0.4766666666666667,1.95054896171519e-13,0.23833333333343087,flagged_borderline_or_disagreement,True,
/global/cfs/cdirs/m314/nova2/data/nstxuG121123K51/N8/egn08w.4850E+02,good,bad,bad,bad,0.24,0.0,0.12,silver_bad,False,
/global/cfs/cdirs/m314/nova2/data/nstxuG121123K51/N8/egn08w.5456E+02,bad,bad,bad,bad,0.12333333333333334,0.0,0.06166666666666667,gold_bad,False,
/global/cfs/cdirs/m314/nova2/data/nstxuG121123K51/N8/egn08w.5507E+02,bad,bad,bad,bad,0.04,0.0,0.02,gold_bad,False,
/global/cfs/cdirs/m314/nova2/data/nstxuG121123K51/N8/egn08w.5542E+02,bad,bad,bad,bad,0.06666666666666667,0.0,0.03333333333333333,gold_bad,False,
/global/cfs/cdirs/m314/nova2/data/nstxuG121123K51/N8/egn08w.5563E+02,bad,bad,bad,bad,0.1,0.0,0.05,gold_bad,False,
/global/cfs/cdirs/m314/nova2/data/nstxuG121123K51/N8/egn08w.5587E+02,bad,bad,bad,bad,0.04666666666666667,0.0,0.023333333333333334,gold_bad,False,
/global/cfs/cdirs/m314/nova2/data/nstxuG121123K51/N9/egn09w.1254E+02,bad,bad,bad,bad,0.023333333333333334,1.6451774642196534e-23,0.011666666666666667,gold_bad,False,
/global/cfs/cdirs/m314/nova2/data/nstxuG121123K51/N9/egn09w.1296E+02,bad,bad,good,bad,0.08666666666666667,0.9999970197677612,0.543331843217214,flagged_borderline_or_disagreement,True,
/global/cfs/cdirs/m314/nova2/data/nstxuG121123K51/N9/egn09w.1425E+02,bad,bad,bad,bad,0.15333333333333332,2.1985735283036358e-20,0.07666666666666666,gold_bad,False,
/global/cfs/cdirs/m314/nova2/data/nstxuG121123K51/N9/egn09w.1457E+02,bad,bad,bad,bad,0.04666666666666667,1.6665742560447167e-20,0.023333333333333334,gold_bad,False,
/global/cfs/cdirs/m314/nova2/data/nstxuG121123K51/N9/egn09w.1474E+02,bad,bad,bad,bad,0.12666666666666668,5.130944690923877e-27,0.06333333333333334,gold_bad,False,
/global/cfs/cdirs/m314/nova2/data/nstxuG121123K51/N9/egn09w.1537E+02,bad,bad,bad,bad,0.07666666666666666,1.1773283681293378e-08,0.03833333921997517,gold_bad,False,
/global/cfs/cdirs/m314/nova2/data/nstxuG121123K51/N9/egn09w.1613E+02,bad,bad,bad,bad,0.24333333333333335,2.0684805034581295e-15,0.12166666666666771,silver_bad,False,
/global/cfs/cdirs/m314/nova2/data/nstxuG121123K51/N9/egn09w.1721E+02,bad,bad,bad,bad,0.4866666666666667,9.03401173313334e-11,0.2433333333785034,flagged_borderline_or_disagreement,True,
/global/cfs/cdirs/m314/nova2/data/nstxuG121123K51/N9/egn09w.1834E+02,bad,bad,good,good,0.49666666666666665,0.992591381072998,0.7446290238698323,flagged_cnn_rescue,True,True
/global/cfs/cdirs/m314/nova2/data/nstxuG121123K51/N9/egn09w.2065E+02,bad,bad,bad,bad,0.043333333333333335,0.0,0.021666666666666667,gold_bad,False,
/global/cfs/cdirs/m314/nova2/data/nstxuG121123K51/N9/egn09w.2153E+02,good,good,good,good,0.75,1.0,0.875,gold_good,False,True
/global/cfs/cdirs/m314/nova2/data/nstxuG121123K51/N9/egn09w.2242E+02,bad,bad,bad,bad,0.0033333333333333335,0.0,0.0016666666666666668,gold_bad,False,
/global/cfs/cdirs/m314/nova2/data/nstxuG121123K51/N9/egn09w.2306E+02,good,good,good,good,0.7966666666666666,0.9999997615814209,0.8983332141240438,gold_good,False,True
/global/cfs/cdirs/m314/nova2/data/nstxuG121123K51/N9/egn09w.2422E+02,bad,bad,bad,bad,0.01,0.0,0.005,gold_bad,False,
/global/cfs/cdirs/m314/nova2/data/nstxuG121123K51/N9/egn09w.2469E+02,good,good,good,good,0.6533333333333333,0.9999943971633911,0.8266638652483622,silver_good,False,True
/global/cfs/cdirs/m314/nova2/data/nstxuG121123K51/N9/egn09w.2485E+02,bad,bad,good,bad,0.33,0.9472706317901611,0.6386353158950806,flagged_borderline_or_disagreement,True,
/global/cfs/cdirs/m314/nova2/data/nstxuG121123K51/N9/egn09w.2702E+02,good,good,good,good,0.6766666666666666,0.9999634027481079,0.8383150347073873,silver_good,False,True
/global/cfs/cdirs/m314/nova2/data/nstxuG121123K51/N9/egn09w.2937E+02,good,good,bad,good,0.5266666666666666,0.0006697840872220695,0.26366822537694434,flagged_rf_only_good,True,True
/global/cfs/cdirs/m314/nova2/data/nstxuG121123K51/N9/egn09w.3093E+02,bad,bad,bad,bad,0.04666666666666667,1.324073075184302e-29,0.023333333333333334,gold_bad,False,
/global/cfs/cdirs/m314/nova2/data/nstxuG121123K51/N9/egn09w.3938E+02,bad,bad,bad,bad,0.03333333333333333,0.0,0.016666666666666666,gold_bad,False,
/global/cfs/cdirs/m314/nova2/data/nstxuG121123K51/N9/egn09w.4043E+02,bad,bad,bad,bad,0.06,0.0,0.03,gold_bad,False,
/global/cfs/cdirs/m314/nova2/data/nstxuG121123K51/N9/egn09w.4156E+02,good,good,good,good,0.5866666666666667,1.0,0.7933333333333333,silver_good,True,True
/global/cfs/cdirs/m314/nova2/data/nstxuG121123K51/N9/egn09w.4526E+02,good,good,bad,good,0.86,6.702251198476006e-07,0.4300003351125599,flagged_rf_only_good,True,True
/global/cfs/cdirs/m314/nova2/data/nstxuG121123K51/N9/egn09w.4552E+02,good,good,good,good,0.8933333333333333,0.999983549118042,0.9466584412256877,gold_good,False,True
/global/cfs/cdirs/m314/nova2/data/nstxuG121123K51/N9/egn09w.4698E+02,good,good,bad,good,0.5933333333333334,1.8408046117415148e-15,0.29666666666666763,flagged_rf_only_good,True,True
/global/cfs/cdirs/m314/nova2/data/nstxuG121123K51/N9/egn09w.4729E+02,bad,bad,bad,bad,0.15666666666666668,0.0,0.07833333333333334,gold_bad,False,
/global/cfs/cdirs/m314/nova2/data/nstxuG121123K51/N9/egn09w.4947E+02,bad,bad,bad,bad,0.1,2.382360438638435e-22,0.05,gold_bad,False,
/global/cfs/cdirs/m314/nova2/data/nstxuG121123K51/N9/egn09w.5024E+02,bad,bad,bad,bad,0.04666666666666667,3.921604150626274e-15,0.023333333333335295,gold_bad,False,
/global/cfs/cdirs/m314/nova2/data/nstxuG121123K51/N9/egn09w.5276E+02,bad,bad,bad,bad,0.02,0.0,0.01,gold_bad,False,
/global/cfs/cdirs/m314/nova2/data/nstxuG121123K51/N9/egn09w.5296E+02,bad,bad,bad,bad,0.06333333333333334,0.0,0.03166666666666667,gold_bad,False,
/global/cfs/cdirs/m314/nova2/data/nstxuG121123K51/N9/egn09w.5522E+02,bad,bad,bad,bad,0.056666666666666664,0.0,0.028333333333333332,gold_bad,False,
/global/cfs/cdirs/m314/nova2/data/nstxuG121123K51/N9/egn09w.5540E+02,bad,bad,bad,bad,0.05333333333333334,0.0,0.02666666666666667,gold_bad,False,
/global/cfs/cdirs/m314/nova2/data/nstxuG121123K51/N9/egn09w.5556E+02,bad,bad,bad,bad,0.02666666666666667,0.0,0.013333333333333334,gold_bad,False,
/global/cfs/cdirs/m314/nova2/data/nstxuG121123K51/N9/egn09w.5568E+02,bad,bad,bad,bad,0.013333333333333334,0.0,0.006666666666666667,gold_bad,False,
/global/cfs/cdirs/m314/nova2/data/nstxuG121123K51/N9/egn09w.5577E+02,bad,bad,bad,bad,0.06,0.0,0.03,gold_bad,False,
/global/cfs/cdirs/m314/nova2/data/nstxuG121123K51/N9/egn09w.5593E+02,bad,bad,bad,bad,0.01,0.0,0.005,gold_bad,False,
/global/cfs/cdirs/m314/nova2/data/nstxuG121123K51/N10/egn10w.1318E+02,bad,bad,good,bad,0.12666666666666668,0.999996542930603,0.5633316047986349,flagged_borderline_or_disagreement,True,
/global/cfs/cdirs/m314/nova2/data/nstxuG121123K51/N10/egn10w.1595E+02,bad,bad,bad,bad,0.45666666666666667,5.193712695472641e-06,0.22833593018968107,flagged_borderline_or_disagreement,True,
/global/cfs/cdirs/m314/nova2/data/nstxuG121123K51/N10/egn10w.1682E+02,bad,good,bad,good,0.52,2.6521054796724286e-10,0.26000000013260527,flagged_rf_only_good,True,True
/global/cfs/cdirs/m314/nova2/data/nstxuG121123K51/N10/egn10w.1794E+02,bad,good,bad,good,0.5,0.45819368958473206,0.47909684479236603,flagged_rf_only_good,True,True
/global/cfs/cdirs/m314/nova2/data/nstxuG121123K51/N10/egn10w.1915E+02,bad,bad,good,bad,0.03,0.9253140091896057,0.47765700459480287,flagged_borderline_or_disagreement,True,
/global/cfs/cdirs/m314/nova2/data/nstxuG121123K51/N10/egn10w.1994E+02,bad,bad,bad,bad,0.03,0.0,0.015,gold_bad,False,
/global/cfs/cdirs/m314/nova2/data/nstxuG121123K51/N10/egn10w.2227E+02,good,good,bad,good,0.6566666666666666,0.10862058401107788,0.38264362533887225,flagged_rf_only_good,True,True
/global/cfs/cdirs/m314/nova2/data/nstxuG121123K51/N10/egn10w.2327E+02,bad,good,good,good,0.5533333333333333,0.9652636051177979,0.7592984692255655,silver_good,True,True
/global/cfs/cdirs/m314/nova2/data/nstxuG121123K51/N10/egn10w.2386E+02,good,good,good,good,0.6733333333333333,0.9999921321868896,0.8366627327601115,silver_good,False,True
/global/cfs/cdirs/m314/nova2/data/nstxuG121123K51/N10/egn10w.2554E+02,good,good,good,good,0.6666666666666666,0.999247670173645,0.8329571684201558,silver_good,False,True
/global/cfs/cdirs/m314/nova2/data/nstxuG121123K51/N10/egn10w.2691E+02,good,bad,bad,bad,0.13,1.74551963993963e-08,0.0650000087275982,gold_bad,False,
/global/cfs/cdirs/m314/nova2/data/nstxuG121123K51/N10/egn10w.2700E+02,bad,bad,bad,bad,0.05,0.0,0.025,gold_bad,False,
/global/cfs/cdirs/m314/nova2/data/nstxuG121123K51/N10/egn10w.2767E+02,bad,bad,bad,bad,0.29333333333333333,0.006835349835455418,0.15008434158439438,silver_bad,False,
/global/cfs/cdirs/m314/nova2/data/nstxuG121123K51/N10/egn10w.2782E+02,good,good,good,good,0.6466666666666666,0.9988225102424622,0.8227445884545643,silver_good,False,True
/global/cfs/cdirs/m314/nova2/data/nstxuG121123K51/N10/egn10w.3021E+02,good,good,good,good,0.53,0.9990453124046326,0.7645226562023163,silver_good,True,True
/global/cfs/cdirs/m314/nova2/data/nstxuG121123K51/N10/egn10w.3351E+02,bad,bad,bad,bad,0.056666666666666664,0.0,0.028333333333333332,gold_bad,False,
/global/cfs/cdirs/m314/nova2/data/nstxuG121123K51/N10/egn10w.3437E+02,good,good,good,good,0.61,0.9439215064048767,0.7769607532024383,silver_good,False,True
/global/cfs/cdirs/m314/nova2/data/nstxuG121123K51/N10/egn10w.4354E+02,bad,bad,bad,bad,0.0033333333333333335,0.0,0.0016666666666666668,gold_bad,False,
/global/cfs/cdirs/m314/nova2/data/nstxuG121123K51/N10/egn10w.4437E+02,bad,bad,bad,bad,0.27,1.047469133652612e-08,0.13500000523734568,silver_bad,False,
/global/cfs/cdirs/m314/nova2/data/nstxuG121123K51/N10/egn10w.4478E+02,good,good,bad,good,0.75,1.4480286836260348e-07,0.3750000724014342,flagged_rf_only_good,True,True
/global/cfs/cdirs/m314/nova2/data/nstxuG121123K51/N10/egn10w.4557E+02,good,good,bad,good,0.8733333333333333,2.8009239025350574e-11,0.4366666666806713,flagged_rf_only_good,True,True
/global/cfs/cdirs/m314/nova2/data/nstxuG121123K51/N10/egn10w.4608E+02,bad,bad,bad,bad,0.02,0.0,0.01,gold_bad,False,
/global/cfs/cdirs/m314/nova2/data/nstxuG121123K51/N10/egn10w.4656E+02,bad,good,good,good,0.7633333333333333,0.999980092048645,0.8816567126909891,gold_good,False,True
/global/cfs/cdirs/m314/nova2/data/nstxuG121123K51/N10/egn10w.4703E+02,good,bad,bad,bad,0.03666666666666667,0.0,0.018333333333333333,gold_bad,False,
/global/cfs/cdirs/m314/nova2/data/nstxuG121123K51/N10/egn10w.4964E+02,bad,bad,bad,bad,0.04,0.0,0.02,gold_bad,False,
/global/cfs/cdirs/m314/nova2/data/nstxuG121123K51/N10/egn10w.5411E+02,bad,bad,bad,bad,0.11666666666666667,0.0,0.058333333333333334,gold_bad,False,
/global/cfs/cdirs/m314/nova2/data/nstxuG121123K51/N10/egn10w.5459E+02,bad,bad,bad,bad,0.06,0.0,0.03,gold_bad,False,
/global/cfs/cdirs/m314/nova2/data/nstxuG121123K51/N10/egn10w.5479E+02,bad,bad,bad,bad,0.05,0.0,0.025,gold_bad,False,
/global/cfs/cdirs/m314/nova2/data/nstxuG121123K51/N10/egn10w.5548E+02,bad,bad,bad,bad,0.09333333333333334,0.0,0.04666666666666667,gold_bad,False,
/global/cfs/cdirs/m314/nova2/data/nstxuG121123K51/N10/egn10w.5564E+02,bad,bad,bad,bad,0.04666666666666667,0.0,0.023333333333333334,gold_bad,False,
/global/cfs/cdirs/m314/nova2/data/nstxuG121123K51/N10/egn10w.5578E+02,bad,bad,bad,bad,0.07,0.0,0.035,gold_bad,False,
